200, 1, 12.5752
cylinder, 45, 15, 0, 1, 1, 1, 1, 1, 1, 0, 0, 0, 0, 0
(-9.380615, -4.499970, -3.808475), (2.500000, 6.000000, 0.500000), (0.000000, 0.000000, 1.000000), (1.000000, 0.000000, 0.000000), (0.000000, 1.000000, 0.000000)
(-1.422883, 2.500100, 6.357873), (2.500000, 6.000000, 0.500000), (0.000000, 0.000000, 1.000000), (1.000000, 0.000000, 0.000000), (0.000000, 1.000000, 0.000000)
(8.222762, -3.499960, -6.345041), (2.500000, 6.000000, 0.500000), (0.000000, 0.000000, 1.000000), (1.000000, 0.000000, 0.000000), (0.000000, 1.000000, 0.000000)
(12.583122, -5.499980, 25.211812), (2.500000, 6.000000, 0.500000), (0.000000, 0.000000, 1.000000), (1.000000, 0.000000, 0.000000), (0.000000, 1.000000, 0.000000)
(11.545825, 2.500100, 0.726179), (2.500000, 6.000000, 0.500000), (0.000000, 0.000000, 1.000000), (1.000000, 0.000000, 0.000000), (0.000000, 1.000000, 0.000000)
(6.119483, 3.500110, 4.089388), (2.500000, 6.000000, 0.500000), (0.000000, 0.000000, 1.000000), (1.000000, 0.000000, 0.000000), (0.000000, 1.000000, 0.000000)
(-12.511361, -6.499990, 32.589753), (2.500000, 6.000000, 0.500000), (0.000000, 0.000000, 1.000000), (1.000000, 0.000000, 0.000000), (0.000000, 1.000000, 0.000000)
(11.127610, 0.500080, 0.458660), (2.500000, 6.000000, 0.500000), (0.000000, 0.000000, 1.000000), (1.000000, 0.000000, 0.000000), (0.000000, 1.000000, 0.000000)
(19.220145, -6.499990, -19.547425), (2.500000, 6.000000, 0.500000), (0.000000, 0.000000, 1.000000), (1.000000, 0.000000, 0.000000), (0.000000, 1.000000, 0.000000)
(2.093533, -2.499950, -2.336607), (2.500000, 6.000000, 0.500000), (0.000000, 0.000000, 1.000000), (1.000000, 0.000000, 0.000000), (0.000000, 1.000000, 0.000000)
(-16.011996, 3.500110, 6.781592), (2.500000, 6.000000, 0.500000), (0.000000, 0.000000, 1.000000), (1.000000, 0.000000, 0.000000), (0.000000, 1.000000, 0.000000)
(-0.731828, 1.500090, 7.687035), (2.500000, 6.000000, 0.500000), (0.000000, 0.000000, 1.000000), (1.000000, 0.000000, 0.000000), (0.000000, 1.000000, 0.000000)
(20.099374, -6.499990, 3.246326), (2.500000, 6.000000, 0.500000), (0.000000, 0.000000, 1.000000), (1.000000, 0.000000, 0.000000), (0.000000, 1.000000, 0.000000)
(4.649310, 1.500090, 33.719331), (2.500000, 6.000000, 0.500000), (0.000000, 0.000000, 1.000000), (1.000000, 0.000000, 0.000000), (0.000000, 1.000000, 0.000000)
(9.082196, -3.499960, 0.222485), (2.500000, 6.000000, 0.500000), (0.000000, 0.000000, 1.000000), (1.000000, 0.000000, 0.000000), (0.000000, 1.000000, 0.000000)
(7.524994, -5.499980, -18.634683), (2.500000, 6.000000, 0.500000), (0.000000, 0.000000, 1.000000), (1.000000, 0.000000, 0.000000), (0.000000, 1.000000, 0.000000)
(-3.975420, -5.499980, -0.408847), (2.500000, 6.000000, 0.500000), (0.000000, 0.000000, 1.000000), (1.000000, 0.000000, 0.000000), (0.000000, 1.000000, 0.000000)
(-14.280565, -4.499970, 2.240787), (2.500000, 6.000000, 0.500000), (0.000000, 0.000000, 1.000000), (1.000000, 0.000000, 0.000000), (0.000000, 1.000000, 0.000000)
(-27.610378, 2.500100, 1.245704), (2.500000, 6.000000, 0.500000), (0.000000, 0.000000, 1.000000), (1.000000, 0.000000, 0.000000), (0.000000, 1.000000, 0.000000)
(-20.136499, -5.499980, 3.044752), (2.500000, 6.000000, 0.500000), (0.000000, 0.000000, 1.000000), (1.000000, 0.000000, 0.000000), (0.000000, 1.000000, 0.000000)
(6.708941, 3.500110, -4.559063), (2.500000, 6.000000, 0.500000), (0.000000, 0.000000, 1.000000), (1.000000, 0.000000, 0.000000), (0.000000, 1.000000, 0.000000)
(-31.510140, 0.500080, -16.024950), (2.500000, 6.000000, 0.500000), (0.000000, 0.000000, 1.000000), (1.000000, 0.000000, 0.000000), (0.000000, 1.000000, 0.000000)
(2.914562, -3.499960, 25.906036), (2.500000, 6.000000, 0.500000), (0.000000, 0.000000, 1.000000), (1.000000, 0.000000, 0.000000), (0.000000, 1.000000, 0.000000)
(-17.300662, -6.499990, -30.612317), (2.500000, 6.000000, 0.500000), (0.000000, 0.000000, 1.000000), (1.000000, 0.000000, 0.000000), (0.000000, 1.000000, 0.000000)
(8.047244, -5.499980, 6.051993), (2.500000, 6.000000, 0.500000), (0.000000, 0.000000, 1.000000), (1.000000, 0.000000, 0.000000), (0.000000, 1.000000, 0.000000)
(2.267794, 1.500090, -3.677653), (2.500000, 6.000000, 0.500000), (0.000000, 0.000000, 1.000000), (1.000000, 0.000000, 0.000000), (0.000000, 1.000000, 0.000000)
(-34.163016, -3.499960, -10.763904), (2.500000, 6.000000, 0.500000), (0.000000, 0.000000, 1.000000), (1.000000, 0.000000, 0.000000), (0.000000, 1.000000, 0.000000)
(28.972553, 1.500090, -4.360898), (2.500000, 6.000000, 0.500000), (0.000000, 0.000000, 1.000000), (1.000000, 0.000000, 0.000000), (0.000000, 1.000000, 0.000000)
(-1.839625, -1.499940, -30.164031), (2.500000, 6.000000, 0.500000), (0.000000, 0.000000, 1.000000), (1.000000, 0.000000, 0.000000), (0.000000, 1.000000, 0.000000)
(28.509787, -0.499930, 7.717936), (2.500000, 6.000000, 0.500000), (0.000000, 0.000000, 1.000000), (1.000000, 0.000000, 0.000000), (0.000000, 1.000000, 0.000000)
(-26.373931, 0.500080, 8.145525), (2.500000, 6.000000, 0.500000), (0.000000, 0.000000, 1.000000), (1.000000, 0.000000, 0.000000), (0.000000, 1.000000, 0.000000)
(-2.581735, -4.499970, 28.278356), (2.500000, 6.000000, 0.500000), (0.000000, 0.000000, 1.000000), (1.000000, 0.000000, 0.000000), (0.000000, 1.000000, 0.000000)
(0.770207, 4.500120, -0.419143), (2.500000, 6.000000, 0.500000), (0.000000, 0.000000, 1.000000), (1.000000, 0.000000, 0.000000), (0.000000, 1.000000, 0.000000)
(-4.144022, 0.500080, 1.596627), (2.500000, 6.000000, 0.500000), (0.000000, 0.000000, 1.000000), (1.000000, 0.000000, 0.000000), (0.000000, 1.000000, 0.000000)
(11.097955, 2.500100, -12.329449), (2.500000, 6.000000, 0.500000), (0.000000, 0.000000, 1.000000), (1.000000, 0.000000, 0.000000), (0.000000, 1.000000, 0.000000)
(-4.010870, -2.499950, 18.590243), (2.500000, 6.000000, 0.500000), (0.000000, 0.000000, 1.000000), (1.000000, 0.000000, 0.000000), (0.000000, 1.000000, 0.000000)
(-7.079307, -2.499950, 24.329636), (2.500000, 6.000000, 0.500000), (0.000000, 0.000000, 1.000000), (1.000000, 0.000000, 0.000000), (0.000000, 1.000000, 0.000000)
(-23.888191, -2.499950, 16.773082), (2.500000, 6.000000, 0.500000), (0.000000, 0.000000, 1.000000), (1.000000, 0.000000, 0.000000), (0.000000, 1.000000, 0.000000)
(19.406255, -2.499950, -23.783500), (2.500000, 6.000000, 0.500000), (0.000000, 0.000000, 1.000000), (1.000000, 0.000000, 0.000000), (0.000000, 1.000000, 0.000000)
(32.562240, -3.499960, -14.493306), (2.500000, 6.000000, 0.500000), (0.000000, 0.000000, 1.000000), (1.000000, 0.000000, 0.000000), (0.000000, 1.000000, 0.000000)
(26.871939, -0.499930, -24.921664), (2.500000, 6.000000, 0.500000), (0.000000, 0.000000, 1.000000), (1.000000, 0.000000, 0.000000), (0.000000, 1.000000, 0.000000)
(-22.517058, -6.499990, 26.340494), (2.500000, 6.000000, 0.500000), (0.000000, 0.000000, 1.000000), (1.000000, 0.000000, 0.000000), (0.000000, 1.000000, 0.000000)
(-11.629739, -3.499960, 3.601168), (2.500000, 6.000000, 0.500000), (0.000000, 0.000000, 1.000000), (1.000000, 0.000000, 0.000000), (0.000000, 1.000000, 0.000000)
(7.695219, 3.500110, -35.864520), (2.500000, 6.000000, 0.500000), (0.000000, 0.000000, 1.000000), (1.000000, 0.000000, 0.000000), (0.000000, 1.000000, 0.000000)
(-5.604124, -0.499930, 3.297900), (2.500000, 6.000000, 0.500000), (0.000000, 0.000000, 1.000000), (1.000000, 0.000000, 0.000000), (0.000000, 1.000000, 0.000000)
(-0.945053, -6.499990, -6.529513), (2.500000, 6.000000, 0.500000), (0.000000, 0.000000, 1.000000), (1.000000, 0.000000, 0.000000), (0.000000, 1.000000, 0.000000)
(21.923674, 1.500090, -26.317447), (2.500000, 6.000000, 0.500000), (0.000000, 0.000000, 1.000000), (1.000000, 0.000000, 0.000000), (0.000000, 1.000000, 0.000000)
(-28.207318, -2.499950, -5.609548), (2.500000, 6.000000, 0.500000), (0.000000, 0.000000, 1.000000), (1.000000, 0.000000, 0.000000), (0.000000, 1.000000, 0.000000)
(14.860596, -6.499990, -9.476805), (2.500000, 6.000000, 0.500000), (0.000000, 0.000000, 1.000000), (1.000000, 0.000000, 0.000000), (0.000000, 1.000000, 0.000000)
(-0.742835, -1.499940, 0.669437), (2.500000, 6.000000, 0.500000), (0.000000, 0.000000, 1.000000), (1.000000, 0.000000, 0.000000), (0.000000, 1.000000, 0.000000)
(11.948742, 4.500120, -19.539810), (2.500000, 6.000000, 0.500000), (0.000000, 0.000000, 1.000000), (1.000000, 0.000000, 0.000000), (0.000000, 1.000000, 0.000000)
(-27.310505, 4.500120, 11.782285), (2.500000, 6.000000, 0.500000), (0.000000, 0.000000, 1.000000), (1.000000, 0.000000, 0.000000), (0.000000, 1.000000, 0.000000)
(-6.954686, 1.500090, -16.950825), (2.500000, 6.000000, 0.500000), (0.000000, 0.000000, 1.000000), (1.000000, 0.000000, 0.000000), (0.000000, 1.000000, 0.000000)
(2.483404, -1.499940, -7.839117), (2.500000, 6.000000, 0.500000), (0.000000, 0.000000, 1.000000), (1.000000, 0.000000, 0.000000), (0.000000, 1.000000, 0.000000)
(10.013579, -0.499930, 34.432077), (2.500000, 6.000000, 0.500000), (0.000000, 0.000000, 1.000000), (1.000000, 0.000000, 0.000000), (0.000000, 1.000000, 0.000000)
(-2.791518, -4.499970, 7.629027), (2.500000, 6.000000, 0.500000), (0.000000, 0.000000, 1.000000), (1.000000, 0.000000, 0.000000), (0.000000, 1.000000, 0.000000)
(20.621005, 4.500120, -31.827667), (2.500000, 6.000000, 0.500000), (0.000000, 0.000000, 1.000000), (1.000000, 0.000000, 0.000000), (0.000000, 1.000000, 0.000000)
(-7.066525, -6.499990, 12.844797), (2.500000, 6.000000, 0.500000), (0.000000, 0.000000, 1.000000), (1.000000, 0.000000, 0.000000), (0.000000, 1.000000, 0.000000)
(-4.951817, 4.500120, 4.969605), (2.500000, 6.000000, 0.500000), (0.000000, 0.000000, 1.000000), (1.000000, 0.000000, 0.000000), (0.000000, 1.000000, 0.000000)
(23.272331, -2.499950, 17.714530), (2.500000, 6.000000, 0.500000), (0.000000, 0.000000, 1.000000), (1.000000, 0.000000, 0.000000), (0.000000, 1.000000, 0.000000)
(-1.120139, 2.500100, -3.664700), (2.500000, 6.000000, 0.500000), (0.000000, 0.000000, 1.000000), (1.000000, 0.000000, 0.000000), (0.000000, 1.000000, 0.000000)
(33.350597, 3.500110, -1.096531), (2.500000, 6.000000, 0.500000), (0.000000, 0.000000, 1.000000), (1.000000, 0.000000, 0.000000), (0.000000, 1.000000, 0.000000)
(9.848706, -1.499940, -22.701783), (2.500000, 6.000000, 0.500000), (0.000000, 0.000000, 1.000000), (1.000000, 0.000000, 0.000000), (0.000000, 1.000000, 0.000000)
(-31.375350, 1.500090, 11.769157), (2.500000, 6.000000, 0.500000), (0.000000, 0.000000, 1.000000), (1.000000, 0.000000, 0.000000), (0.000000, 1.000000, 0.000000)
(-18.096269, -5.499980, -13.982819), (2.500000, 6.000000, 0.500000), (0.000000, 0.000000, 1.000000), (1.000000, 0.000000, 0.000000), (0.000000, 1.000000, 0.000000)
(-1.354405, -6.499990, -14.202842), (2.500000, 6.000000, 0.500000), (0.000000, 0.000000, 1.000000), (1.000000, 0.000000, 0.000000), (0.000000, 1.000000, 0.000000)
(1.664149, 4.500120, 33.682771), (2.500000, 6.000000, 0.500000), (0.000000, 0.000000, 1.000000), (1.000000, 0.000000, 0.000000), (0.000000, 1.000000, 0.000000)
(12.486729, -4.499970, -31.305478), (2.500000, 6.000000, 0.500000), (0.000000, 0.000000, 1.000000), (1.000000, 0.000000, 0.000000), (0.000000, 1.000000, 0.000000)
(-12.085637, 4.500120, -1.761463), (2.500000, 6.000000, 0.500000), (0.000000, 0.000000, 1.000000), (1.000000, 0.000000, 0.000000), (0.000000, 1.000000, 0.000000)
(19.278602, 3.500110, -12.745956), (2.500000, 6.000000, 0.500000), (0.000000, 0.000000, 1.000000), (1.000000, 0.000000, 0.000000), (0.000000, 1.000000, 0.000000)
(13.286092, -3.499960, -23.941968), (2.500000, 6.000000, 0.500000), (0.000000, 0.000000, 1.000000), (1.000000, 0.000000, 0.000000), (0.000000, 1.000000, 0.000000)
(-19.424930, -4.499970, 24.123841), (2.500000, 6.000000, 0.500000), (0.000000, 0.000000, 1.000000), (1.000000, 0.000000, 0.000000), (0.000000, 1.000000, 0.000000)
(-19.445035, -5.499980, 32.312754), (2.500000, 6.000000, 0.500000), (0.000000, 0.000000, 1.000000), (1.000000, 0.000000, 0.000000), (0.000000, 1.000000, 0.000000)
(6.730998, 0.500080, 16.443854), (2.500000, 6.000000, 0.500000), (0.000000, 0.000000, 1.000000), (1.000000, 0.000000, 0.000000), (0.000000, 1.000000, 0.000000)
(21.810419, -6.499990, -32.577950), (2.500000, 6.000000, 0.500000), (0.000000, 0.000000, 1.000000), (1.000000, 0.000000, 0.000000), (0.000000, 1.000000, 0.000000)
(6.030959, -5.499980, 12.547824), (2.500000, 6.000000, 0.500000), (0.000000, 0.000000, 1.000000), (1.000000, 0.000000, 0.000000), (0.000000, 1.000000, 0.000000)
(2.826270, -2.499950, -22.407744), (2.500000, 6.000000, 0.500000), (0.000000, 0.000000, 1.000000), (1.000000, 0.000000, 0.000000), (0.000000, 1.000000, 0.000000)
(20.020363, -1.499940, -1.018746), (2.500000, 6.000000, 0.500000), (0.000000, 0.000000, 1.000000), (1.000000, 0.000000, 0.000000), (0.000000, 1.000000, 0.000000)
(7.826016, -2.499950, 37.596425), (2.500000, 6.000000, 0.500000), (0.000000, 0.000000, 1.000000), (1.000000, 0.000000, 0.000000), (0.000000, 1.000000, 0.000000)
(-15.306146, -1.499940, -16.286899), (2.500000, 6.000000, 0.500000), (0.000000, 0.000000, 1.000000), (1.000000, 0.000000, 0.000000), (0.000000, 1.000000, 0.000000)
(-9.375951, -3.499960, -36.208811), (2.500000, 6.000000, 0.500000), (0.000000, 0.000000, 1.000000), (1.000000, 0.000000, 0.000000), (0.000000, 1.000000, 0.000000)
(-2.401792, 4.500120, 40.476921), (2.500000, 6.000000, 0.500000), (0.000000, 0.000000, 1.000000), (1.000000, 0.000000, 0.000000), (0.000000, 1.000000, 0.000000)
(-29.905039, -5.499980, 20.887543), (2.500000, 6.000000, 0.500000), (0.000000, 0.000000, 1.000000), (1.000000, 0.000000, 0.000000), (0.000000, 1.000000, 0.000000)
(-0.786107, -6.499990, 20.562768), (2.500000, 6.000000, 0.500000), (0.000000, 0.000000, 1.000000), (1.000000, 0.000000, 0.000000), (0.000000, 1.000000, 0.000000)
(-7.907718, 2.500100, 19.729934), (2.500000, 6.000000, 0.500000), (0.000000, 0.000000, 1.000000), (1.000000, 0.000000, 0.000000), (0.000000, 1.000000, 0.000000)
(33.209214, 2.500100, 16.370139), (2.500000, 6.000000, 0.500000), (0.000000, 0.000000, 1.000000), (1.000000, 0.000000, 0.000000), (0.000000, 1.000000, 0.000000)
(-21.588190, -2.499950, 1.034415), (2.500000, 6.000000, 0.500000), (0.000000, 0.000000, 1.000000), (1.000000, 0.000000, 0.000000), (0.000000, 1.000000, 0.000000)
(1.803849, 3.500110, 37.793206), (2.500000, 6.000000, 0.500000), (0.000000, 0.000000, 1.000000), (1.000000, 0.000000, 0.000000), (0.000000, 1.000000, 0.000000)
(-2.289547, -4.499970, -39.488591), (2.500000, 6.000000, 0.500000), (0.000000, 0.000000, 1.000000), (1.000000, 0.000000, 0.000000), (0.000000, 1.000000, 0.000000)
(19.282185, -2.499950, -33.629217), (2.500000, 6.000000, 0.500000), (0.000000, 0.000000, 1.000000), (1.000000, 0.000000, 0.000000), (0.000000, 1.000000, 0.000000)
(-0.454892, -6.499990, 0.699835), (2.500000, 6.000000, 0.500000), (0.000000, 0.000000, 1.000000), (1.000000, 0.000000, 0.000000), (0.000000, 1.000000, 0.000000)
(-19.568298, 1.500090, 33.163399), (2.500000, 6.000000, 0.500000), (0.000000, 0.000000, 1.000000), (1.000000, 0.000000, 0.000000), (0.000000, 1.000000, 0.000000)
(-8.619584, -6.499990, -24.668361), (2.500000, 6.000000, 0.500000), (0.000000, 0.000000, 1.000000), (1.000000, 0.000000, 0.000000), (0.000000, 1.000000, 0.000000)
(9.070355, -6.499990, 10.401630), (2.500000, 6.000000, 0.500000), (0.000000, 0.000000, 1.000000), (1.000000, 0.000000, 0.000000), (0.000000, 1.000000, 0.000000)
(33.250559, -4.499970, 16.062646), (2.500000, 6.000000, 0.500000), (0.000000, 0.000000, 1.000000), (1.000000, 0.000000, 0.000000), (0.000000, 1.000000, 0.000000)
(3.065632, 1.500090, 14.792697), (2.500000, 6.000000, 0.500000), (0.000000, 0.000000, 1.000000), (1.000000, 0.000000, 0.000000), (0.000000, 1.000000, 0.000000)
(13.210496, -6.499990, 34.246362), (2.500000, 6.000000, 0.500000), (0.000000, 0.000000, 1.000000), (1.000000, 0.000000, 0.000000), (0.000000, 1.000000, 0.000000)
(-36.758513, -5.499980, -4.766506), (2.500000, 6.000000, 0.500000), (0.000000, 0.000000, 1.000000), (1.000000, 0.000000, 0.000000), (0.000000, 1.000000, 0.000000)
(21.383658, -2.499950, 4.621023), (2.500000, 6.000000, 0.500000), (0.000000, 0.000000, 1.000000), (1.000000, 0.000000, 0.000000), (0.000000, 1.000000, 0.000000)
(24.236105, 2.500100, -22.582803), (2.500000, 6.000000, 0.500000), (0.000000, 0.000000, 1.000000), (1.000000, 0.000000, 0.000000), (0.000000, 1.000000, 0.000000)
(5.958826, -4.499970, -1.936846), (2.500000, 6.000000, 0.500000), (0.000000, 0.000000, 1.000000), (1.000000, 0.000000, 0.000000), (0.000000, 1.000000, 0.000000)
(32.293843, 0.500080, -19.544962), (2.500000, 6.000000, 0.500000), (0.000000, 0.000000, 1.000000), (1.000000, 0.000000, 0.000000), (0.000000, 1.000000, 0.000000)
(-15.962501, 4.500120, -14.449996), (2.500000, 6.000000, 0.500000), (0.000000, 0.000000, 1.000000), (1.000000, 0.000000, 0.000000), (0.000000, 1.000000, 0.000000)
(-10.528764, -3.499960, -9.441983), (2.500000, 6.000000, 0.500000), (0.000000, 0.000000, 1.000000), (1.000000, 0.000000, 0.000000), (0.000000, 1.000000, 0.000000)
(-1.502952, 0.500080, 8.656056), (2.500000, 6.000000, 0.500000), (0.000000, 0.000000, 1.000000), (1.000000, 0.000000, 0.000000), (0.000000, 1.000000, 0.000000)
(33.131506, -4.499970, -11.165302), (2.500000, 6.000000, 0.500000), (0.000000, 0.000000, 1.000000), (1.000000, 0.000000, 0.000000), (0.000000, 1.000000, 0.000000)
(11.036003, -4.499970, -11.952331), (2.500000, 6.000000, 0.500000), (0.000000, 0.000000, 1.000000), (1.000000, 0.000000, 0.000000), (0.000000, 1.000000, 0.000000)
(-2.357981, -3.499960, 8.930458), (2.500000, 6.000000, 0.500000), (0.000000, 0.000000, 1.000000), (1.000000, 0.000000, 0.000000), (0.000000, 1.000000, 0.000000)
(-15.616685, -5.499980, 19.783364), (2.500000, 6.000000, 0.500000), (0.000000, 0.000000, 1.000000), (1.000000, 0.000000, 0.000000), (0.000000, 1.000000, 0.000000)
(-13.872456, -1.499940, -4.124798), (2.500000, 6.000000, 0.500000), (0.000000, 0.000000, 1.000000), (1.000000, 0.000000, 0.000000), (0.000000, 1.000000, 0.000000)
(13.612325, -1.499940, 11.062283), (2.500000, 6.000000, 0.500000), (0.000000, 0.000000, 1.000000), (1.000000, 0.000000, 0.000000), (0.000000, 1.000000, 0.000000)
(-1.767715, 3.500110, 26.517823), (2.500000, 6.000000, 0.500000), (0.000000, 0.000000, 1.000000), (1.000000, 0.000000, 0.000000), (0.000000, 1.000000, 0.000000)
(-5.175845, 1.500090, 27.424263), (2.500000, 6.000000, 0.500000), (0.000000, 0.000000, 1.000000), (1.000000, 0.000000, 0.000000), (0.000000, 1.000000, 0.000000)
(12.397685, -5.499980, 30.742432), (2.500000, 6.000000, 0.500000), (0.000000, 0.000000, 1.000000), (1.000000, 0.000000, 0.000000), (0.000000, 1.000000, 0.000000)
(-28.682049, 2.500100, -20.252666), (2.500000, 6.000000, 0.500000), (0.000000, 0.000000, 1.000000), (1.000000, 0.000000, 0.000000), (0.000000, 1.000000, 0.000000)
(-16.327643, -1.499940, 16.657452), (2.500000, 6.000000, 0.500000), (0.000000, 0.000000, 1.000000), (1.000000, 0.000000, 0.000000), (0.000000, 1.000000, 0.000000)
(-15.528625, 4.500120, -20.648820), (2.500000, 6.000000, 0.500000), (0.000000, 0.000000, 1.000000), (1.000000, 0.000000, 0.000000), (0.000000, 1.000000, 0.000000)
(-11.482133, 4.500120, 15.484766), (2.500000, 6.000000, 0.500000), (0.000000, 0.000000, 1.000000), (1.000000, 0.000000, 0.000000), (0.000000, 1.000000, 0.000000)
(11.312852, -6.499990, 22.160085), (2.500000, 6.000000, 0.500000), (0.000000, 0.000000, 1.000000), (1.000000, 0.000000, 0.000000), (0.000000, 1.000000, 0.000000)
(14.557385, 0.500080, -29.769303), (2.500000, 6.000000, 0.500000), (0.000000, 0.000000, 1.000000), (1.000000, 0.000000, 0.000000), (0.000000, 1.000000, 0.000000)
(2.397327, -6.499990, -32.845581), (2.500000, 6.000000, 0.500000), (0.000000, 0.000000, 1.000000), (1.000000, 0.000000, 0.000000), (0.000000, 1.000000, 0.000000)
(10.939936, 4.500120, -37.383840), (2.500000, 6.000000, 0.500000), (0.000000, 0.000000, 1.000000), (1.000000, 0.000000, 0.000000), (0.000000, 1.000000, 0.000000)
(-25.792353, -3.499960, -19.237420), (2.500000, 6.000000, 0.500000), (0.000000, 0.000000, 1.000000), (1.000000, 0.000000, 0.000000), (0.000000, 1.000000, 0.000000)
(10.489235, 0.500080, -16.499335), (2.500000, 6.000000, 0.500000), (0.000000, 0.000000, 1.000000), (1.000000, 0.000000, 0.000000), (0.000000, 1.000000, 0.000000)
(-1.798606, -1.499940, -38.427560), (2.500000, 6.000000, 0.500000), (0.000000, 0.000000, 1.000000), (1.000000, 0.000000, 0.000000), (0.000000, 1.000000, 0.000000)
(-15.077363, -4.499970, -9.138606), (2.500000, 6.000000, 0.500000), (0.000000, 0.000000, 1.000000), (1.000000, 0.000000, 0.000000), (0.000000, 1.000000, 0.000000)
(4.982654, -3.499960, -32.514846), (2.500000, 6.000000, 0.500000), (0.000000, 0.000000, 1.000000), (1.000000, 0.000000, 0.000000), (0.000000, 1.000000, 0.000000)
(29.588338, 4.500120, 5.077128), (2.500000, 6.000000, 0.500000), (0.000000, 0.000000, 1.000000), (1.000000, 0.000000, 0.000000), (0.000000, 1.000000, 0.000000)
(-3.437389, -0.499930, -14.194691), (2.500000, 6.000000, 0.500000), (0.000000, 0.000000, 1.000000), (1.000000, 0.000000, 0.000000), (0.000000, 1.000000, 0.000000)
(-22.166362, -6.499990, 17.952102), (2.500000, 6.000000, 0.500000), (0.000000, 0.000000, 1.000000), (1.000000, 0.000000, 0.000000), (0.000000, 1.000000, 0.000000)
(-23.135663, 1.500090, 25.183110), (2.500000, 6.000000, 0.500000), (0.000000, 0.000000, 1.000000), (1.000000, 0.000000, 0.000000), (0.000000, 1.000000, 0.000000)
(1.998850, -4.499970, 15.660690), (2.500000, 6.000000, 0.500000), (0.000000, 0.000000, 1.000000), (1.000000, 0.000000, 0.000000), (0.000000, 1.000000, 0.000000)
(21.053967, -4.499970, -2.029171), (2.500000, 6.000000, 0.500000), (0.000000, 0.000000, 1.000000), (1.000000, 0.000000, 0.000000), (0.000000, 1.000000, 0.000000)
(-26.158640, -1.499940, 5.889743), (2.500000, 6.000000, 0.500000), (0.000000, 0.000000, 1.000000), (1.000000, 0.000000, 0.000000), (0.000000, 1.000000, 0.000000)
(-13.074780, 0.500080, -9.458836), (2.500000, 6.000000, 0.500000), (0.000000, 0.000000, 1.000000), (1.000000, 0.000000, 0.000000), (0.000000, 1.000000, 0.000000)
(-30.495350, 1.500090, -3.710844), (2.500000, 6.000000, 0.500000), (0.000000, 0.000000, 1.000000), (1.000000, 0.000000, 0.000000), (0.000000, 1.000000, 0.000000)
(17.554165, -2.499950, 25.046304), (2.500000, 6.000000, 0.500000), (0.000000, 0.000000, 1.000000), (1.000000, 0.000000, 0.000000), (0.000000, 1.000000, 0.000000)
(35.736718, 2.500100, -10.718754), (2.500000, 6.000000, 0.500000), (0.000000, 0.000000, 1.000000), (1.000000, 0.000000, 0.000000), (0.000000, 1.000000, 0.000000)
(3.910806, 3.500110, -29.574965), (2.500000, 6.000000, 0.500000), (0.000000, 0.000000, 1.000000), (1.000000, 0.000000, 0.000000), (0.000000, 1.000000, 0.000000)
(0.777208, -0.499930, -2.957603), (2.500000, 6.000000, 0.500000), (0.000000, 0.000000, 1.000000), (1.000000, 0.000000, 0.000000), (0.000000, 1.000000, 0.000000)
(18.473074, 1.500090, 26.697763), (2.500000, 6.000000, 0.500000), (0.000000, 0.000000, 1.000000), (1.000000, 0.000000, 0.000000), (0.000000, 1.000000, 0.000000)
(-8.573916, 3.500110, -18.583197), (2.500000, 6.000000, 0.500000), (0.000000, 0.000000, 1.000000), (1.000000, 0.000000, 0.000000), (0.000000, 1.000000, 0.000000)
(15.572781, 2.500100, 9.098822), (2.500000, 6.000000, 0.500000), (0.000000, 0.000000, 1.000000), (1.000000, 0.000000, 0.000000), (0.000000, 1.000000, 0.000000)
(8.015488, 1.500090, 20.301972), (2.500000, 6.000000, 0.500000), (0.000000, 0.000000, 1.000000), (1.000000, 0.000000, 0.000000), (0.000000, 1.000000, 0.000000)
(-2.015804, 1.500090, -28.604083), (2.500000, 6.000000, 0.500000), (0.000000, 0.000000, 1.000000), (1.000000, 0.000000, 0.000000), (0.000000, 1.000000, 0.000000)
(37.641449, 1.500090, 6.096736), (2.500000, 6.000000, 0.500000), (0.000000, 0.000000, 1.000000), (1.000000, 0.000000, 0.000000), (0.000000, 1.000000, 0.000000)
(-28.740864, -0.499930, 5.700252), (2.500000, 6.000000, 0.500000), (0.000000, 0.000000, 1.000000), (1.000000, 0.000000, 0.000000), (0.000000, 1.000000, 0.000000)
(16.711860, 4.500120, 14.656980), (2.500000, 6.000000, 0.500000), (0.000000, 0.000000, 1.000000), (1.000000, 0.000000, 0.000000), (0.000000, 1.000000, 0.000000)
(-12.621482, -0.499930, -19.509529), (2.500000, 6.000000, 0.500000), (0.000000, 0.000000, 1.000000), (1.000000, 0.000000, 0.000000), (0.000000, 1.000000, 0.000000)
(-7.825576, 1.500090, 2.043762), (2.500000, 6.000000, 0.500000), (0.000000, 0.000000, 1.000000), (1.000000, 0.000000, 0.000000), (0.000000, 1.000000, 0.000000)
(-5.496407, 3.500110, 12.803248), (2.500000, 6.000000, 0.500000), (0.000000, 0.000000, 1.000000), (1.000000, 0.000000, 0.000000), (0.000000, 1.000000, 0.000000)
(-13.733716, 0.500080, 16.395051), (2.500000, 6.000000, 0.500000), (0.000000, 0.000000, 1.000000), (1.000000, 0.000000, 0.000000), (0.000000, 1.000000, 0.000000)
(26.163582, -5.499980, 13.955619), (2.500000, 6.000000, 0.500000), (0.000000, 0.000000, 1.000000), (1.000000, 0.000000, 0.000000), (0.000000, 1.000000, 0.000000)
(10.726035, -5.499980, 19.473372), (2.500000, 6.000000, 0.500000), (0.000000, 0.000000, 1.000000), (1.000000, 0.000000, 0.000000), (0.000000, 1.000000, 0.000000)
(1.900686, 4.500120, -8.319831), (2.500000, 6.000000, 0.500000), (0.000000, 0.000000, 1.000000), (1.000000, 0.000000, 0.000000), (0.000000, 1.000000, 0.000000)
(5.086829, -3.499960, 33.808235), (2.500000, 6.000000, 0.500000), (0.000000, 0.000000, 1.000000), (1.000000, 0.000000, 0.000000), (0.000000, 1.000000, 0.000000)
(-22.978189, -4.499970, 7.583024), (2.500000, 6.000000, 0.500000), (0.000000, 0.000000, 1.000000), (1.000000, 0.000000, 0.000000), (0.000000, 1.000000, 0.000000)
(4.244224, 0.500080, -5.229248), (2.500000, 6.000000, 0.500000), (0.000000, 0.000000, 1.000000), (1.000000, 0.000000, 0.000000), (0.000000, 1.000000, 0.000000)
(11.210809, -0.499930, 15.421566), (2.500000, 6.000000, 0.500000), (0.000000, 0.000000, 1.000000), (1.000000, 0.000000, 0.000000), (0.000000, 1.000000, 0.000000)
(14.152183, -4.499970, 12.975148), (2.500000, 6.000000, 0.500000), (0.000000, 0.000000, 1.000000), (1.000000, 0.000000, 0.000000), (0.000000, 1.000000, 0.000000)
(30.400671, -5.499980, -6.919980), (2.500000, 6.000000, 0.500000), (0.000000, 0.000000, 1.000000), (1.000000, 0.000000, 0.000000), (0.000000, 1.000000, 0.000000)
(-4.162888, -2.499950, 7.150179), (2.500000, 6.000000, 0.500000), (0.000000, 0.000000, 1.000000), (1.000000, 0.000000, 0.000000), (0.000000, 1.000000, 0.000000)
(-17.509234, -4.499970, 30.242907), (2.500000, 6.000000, 0.500000), (0.000000, 0.000000, 1.000000), (1.000000, 0.000000, 0.000000), (0.000000, 1.000000, 0.000000)
(26.462773, -3.499960, -28.319190), (2.500000, 6.000000, 0.500000), (0.000000, 0.000000, 1.000000), (1.000000, 0.000000, 0.000000), (0.000000, 1.000000, 0.000000)
(32.706665, -1.499940, -19.672534), (2.500000, 6.000000, 0.500000), (0.000000, 0.000000, 1.000000), (1.000000, 0.000000, 0.000000), (0.000000, 1.000000, 0.000000)
(-4.893743, -1.499940, 35.428991), (2.500000, 6.000000, 0.500000), (0.000000, 0.000000, 1.000000), (1.000000, 0.000000, 0.000000), (0.000000, 1.000000, 0.000000)
(18.049493, 0.500080, 26.446782), (2.500000, 6.000000, 0.500000), (0.000000, 0.000000, 1.000000), (1.000000, 0.000000, 0.000000), (0.000000, 1.000000, 0.000000)
(-15.197608, -6.499990, -7.485884), (2.500000, 6.000000, 0.500000), (0.000000, 0.000000, 1.000000), (1.000000, 0.000000, 0.000000), (0.000000, 1.000000, 0.000000)
(-20.717263, -2.499950, 10.933656), (2.500000, 6.000000, 0.500000), (0.000000, 0.000000, 1.000000), (1.000000, 0.000000, 0.000000), (0.000000, 1.000000, 0.000000)
(-11.895915, -0.499930, -33.869134), (2.500000, 6.000000, 0.500000), (0.000000, 0.000000, 1.000000), (1.000000, 0.000000, 0.000000), (0.000000, 1.000000, 0.000000)
(-15.193125, -2.499950, -15.280938), (2.500000, 6.000000, 0.500000), (0.000000, 0.000000, 1.000000), (1.000000, 0.000000, 0.000000), (0.000000, 1.000000, 0.000000)
(-29.646408, 4.500120, 1.711947), (2.500000, 6.000000, 0.500000), (0.000000, 0.000000, 1.000000), (1.000000, 0.000000, 0.000000), (0.000000, 1.000000, 0.000000)
(26.456992, 0.500080, 12.631075), (2.500000, 6.000000, 0.500000), (0.000000, 0.000000, 1.000000), (1.000000, 0.000000, 0.000000), (0.000000, 1.000000, 0.000000)
(-20.507839, -5.499980, 9.147286), (2.500000, 6.000000, 0.500000), (0.000000, 0.000000, 1.000000), (1.000000, 0.000000, 0.000000), (0.000000, 1.000000, 0.000000)
(14.118909, -4.499970, -25.679765), (2.500000, 6.000000, 0.500000), (0.000000, 0.000000, 1.000000), (1.000000, 0.000000, 0.000000), (0.000000, 1.000000, 0.000000)
(-7.273201, -5.499980, -28.447405), (2.500000, 6.000000, 0.500000), (0.000000, 0.000000, 1.000000), (1.000000, 0.000000, 0.000000), (0.000000, 1.000000, 0.000000)
(-9.574172, -5.499980, -20.493733), (2.500000, 6.000000, 0.500000), (0.000000, 0.000000, 1.000000), (1.000000, 0.000000, 0.000000), (0.000000, 1.000000, 0.000000)
(7.830301, 0.500080, -23.580918), (2.500000, 6.000000, 0.500000), (0.000000, 0.000000, 1.000000), (1.000000, 0.000000, 0.000000), (0.000000, 1.000000, 0.000000)
(21.358677, -1.499940, 26.634696), (2.500000, 6.000000, 0.500000), (0.000000, 0.000000, 1.000000), (1.000000, 0.000000, 0.000000), (0.000000, 1.000000, 0.000000)
(-5.335046, 1.500090, -10.445597), (2.500000, 6.000000, 0.500000), (0.000000, 0.000000, 1.000000), (1.000000, 0.000000, 0.000000), (0.000000, 1.000000, 0.000000)
(-0.515966, -4.499970, -22.442560), (2.500000, 6.000000, 0.500000), (0.000000, 0.000000, 1.000000), (1.000000, 0.000000, 0.000000), (0.000000, 1.000000, 0.000000)
(-12.250189, 4.500120, -27.495556), (2.500000, 6.000000, 0.500000), (0.000000, 0.000000, 1.000000), (1.000000, 0.000000, 0.000000), (0.000000, 1.000000, 0.000000)
(-21.950967, -2.499950, 30.039030), (2.500000, 6.000000, 0.500000), (0.000000, 0.000000, 1.000000), (1.000000, 0.000000, 0.000000), (0.000000, 1.000000, 0.000000)
(-12.801544, -0.499930, 25.595789), (2.500000, 6.000000, 0.500000), (0.000000, 0.000000, 1.000000), (1.000000, 0.000000, 0.000000), (0.000000, 1.000000, 0.000000)
(6.813282, -6.499990, 39.731533), (2.500000, 6.000000, 0.500000), (0.000000, 0.000000, 1.000000), (1.000000, 0.000000, 0.000000), (0.000000, 1.000000, 0.000000)
(29.328761, 0.500080, -3.364996), (2.500000, 6.000000, 0.500000), (0.000000, 0.000000, 1.000000), (1.000000, 0.000000, 0.000000), (0.000000, 1.000000, 0.000000)
(15.756447, -0.499930, -18.356712), (2.500000, 6.000000, 0.500000), (0.000000, 0.000000, 1.000000), (1.000000, 0.000000, 0.000000), (0.000000, 1.000000, 0.000000)
(-13.193165, -1.499940, 5.867130), (2.500000, 6.000000, 0.500000), (0.000000, 0.000000, 1.000000), (1.000000, 0.000000, 0.000000), (0.000000, 1.000000, 0.000000)
(-37.186289, -2.499950, 7.638112), (2.500000, 6.000000, 0.500000), (0.000000, 0.000000, 1.000000), (1.000000, 0.000000, 0.000000), (0.000000, 1.000000, 0.000000)
(1.446028, -5.499980, -35.038023), (2.500000, 6.000000, 0.500000), (0.000000, 0.000000, 1.000000), (1.000000, 0.000000, 0.000000), (0.000000, 1.000000, 0.000000)
(18.337183, -5.499980, -0.151771), (2.500000, 6.000000, 0.500000), (0.000000, 0.000000, 1.000000), (1.000000, 0.000000, 0.000000), (0.000000, 1.000000, 0.000000)
(-0.242029, 0.500080, 34.368712), (2.500000, 6.000000, 0.500000), (0.000000, 0.000000, 1.000000), (1.000000, 0.000000, 0.000000), (0.000000, 1.000000, 0.000000)
(-22.631980, 1.500090, -9.583670), (2.500000, 6.000000, 0.500000), (0.000000, 0.000000, 1.000000), (1.000000, 0.000000, 0.000000), (0.000000, 1.000000, 0.000000)
(1.186956, -5.499980, -12.784970), (2.500000, 6.000000, 0.500000), (0.000000, 0.000000, 1.000000), (1.000000, 0.000000, 0.000000), (0.000000, 1.000000, 0.000000)
(18.171836, -2.499950, -0.455747), (2.500000, 6.000000, 0.500000), (0.000000, 0.000000, 1.000000), (1.000000, 0.000000, 0.000000), (0.000000, 1.000000, 0.000000)
(12.686946, -2.499950, 11.166745), (2.500000, 6.000000, 0.500000), (0.000000, 0.000000, 1.000000), (1.000000, 0.000000, 0.000000), (0.000000, 1.000000, 0.000000)
(28.904056, 2.500100, 10.511525), (2.500000, 6.000000, 0.500000), (0.000000, 0.000000, 1.000000), (1.000000, 0.000000, 0.000000), (0.000000, 1.000000, 0.000000)
(16.582419, 3.500110, -27.187992), (2.500000, 6.000000, 0.500000), (0.000000, 0.000000, 1.000000), (1.000000, 0.000000, 0.000000), (0.000000, 1.000000, 0.000000)
(30.734219, 2.500100, 5.067229), (2.500000, 6.000000, 0.500000), (0.000000, 0.000000, 1.000000), (1.000000, 0.000000, 0.000000), (0.000000, 1.000000, 0.000000)
(-20.039284, -6.499990, 2.095228), (2.500000, 6.000000, 0.500000), (0.000000, 0.000000, 1.000000), (1.000000, 0.000000, 0.000000), (0.000000, 1.000000, 0.000000)
cylinder, 45, 15, 333333333, 0.134176, 0.229347, 0.34525, 0.340389, 0.24469, 0.123694, -0.865824, -0.770653, -0.65475, 70.9641, 2.61091
(19.682209, 5.855876, 28.901041), (2.500000, 6.000000, 0.500000), (-0.945272, 0.068467, 0.319019), (0.306793, -0.146361, 0.940455), (0.111082, 0.986859, 0.117346)
(9.591366, -3.578579, -12.348953), (2.500000, 6.000000, 0.500000), (0.789824, -0.435092, -0.432288), (-0.547298, -0.181830, -0.816947), (0.276845, 0.881835, -0.381739)
(7.347316, -2.954830, 40.642499), (2.500000, 6.000000, 0.500000), (0.031841, -0.999436, -0.010623), (-0.984039, -0.029485, -0.175491), (0.175078, 0.016041, -0.984424)
(-27.000918, 2.277460, 17.868000), (2.500000, 6.000000, 0.500000), (0.519742, -0.317436, 0.793160), (0.797829, 0.512351, -0.317750), (-0.305511, 0.797954, 0.519550)
(0.044870, -6.619384, -41.404310), (2.500000, 6.000000, 0.500000), (0.043932, -0.051799, 0.997691), (0.998962, 0.014338, -0.043243), (-0.012065, 0.998555, 0.052375)
(-17.600974, 3.114611, 38.805661), (2.500000, 6.000000, 0.500000), (0.031986, 0.998753, -0.038342), (-0.970488, 0.021861, -0.240157), (-0.239019, 0.044892, 0.969976)
(10.699529, -2.875290, 24.856750), (2.500000, 6.000000, 0.500000), (0.002446, -0.340881, -0.940103), (0.999114, -0.038660, 0.016617), (-0.042009, -0.939311, 0.340484)
(14.194422, -3.109826, 20.488771), (2.500000, 6.000000, 0.500000), (0.967493, 0.079389, 0.240113), (0.251009, -0.417234, -0.873447), (0.030841, 0.905325, -0.423598)
(-5.591151, 1.952869, 33.340273), (2.500000, 6.000000, 0.500000), (-0.448167, 0.281546, -0.848457), (0.531771, -0.678963, -0.506191), (-0.718586, -0.678043, 0.154571)
(35.272649, 0.190603, 24.439895), (2.500000, 6.000000, 0.500000), (-0.092236, -0.127722, 0.987512), (0.017372, -0.991795, -0.126653), (0.995586, 0.005473, 0.093698)
(23.445618, -4.201823, -30.721187), (2.500000, 6.000000, 0.500000), (-0.799207, 0.048412, 0.599103), (-0.594871, 0.078912, -0.799939), (-0.086003, -0.995705, -0.034268)
(14.963689, 1.464299, 2.891291), (2.500000, 6.000000, 0.500000), (-0.827009, -0.182694, -0.531676), (0.377173, -0.881606, -0.283747), (-0.416889, -0.435195, 0.798003)
(-0.080875, 4.217307, 29.950415), (2.500000, 6.000000, 0.500000), (0.541394, 0.038202, -0.839900), (0.767681, 0.384921, 0.512350), (0.342868, -0.922159, 0.179067)
(-26.509941, 5.268561, 3.309803), (2.500000, 6.000000, 0.500000), (-0.766767, 0.183637, -0.615098), (0.636538, 0.093628, -0.765541), (-0.082991, -0.978525, -0.188683)
(-22.323783, -2.471842, 25.865053), (2.500000, 6.000000, 0.500000), (-0.531423, -0.610529, 0.587234), (0.495881, 0.337829, 0.799984), (-0.686798, 0.716328, 0.123220)
(26.135964, -0.030946, -20.418477), (2.500000, 6.000000, 0.500000), (0.803142, 0.124434, 0.582648), (-0.595739, 0.155229, 0.788035), (0.007615, -0.980010, 0.198801)
(15.764479, -6.391354, -25.220445), (2.500000, 6.000000, 0.500000), (-0.672969, 0.003551, -0.739662), (-0.737476, -0.080196, 0.670595), (-0.056937, 0.996773, 0.056589)
(-4.690247, 1.127632, 16.737178), (2.500000, 6.000000, 0.500000), (-0.559528, -0.072914, 0.825598), (0.776810, 0.301150, 0.553059), (-0.288955, 0.950785, -0.111861)
(9.904312, -6.448080, 8.200376), (2.500000, 6.000000, 0.500000), (0.191390, -0.009759, -0.981466), (0.979833, 0.060398, 0.190471), (0.057420, -0.998127, 0.021122)
(21.380919, 4.028786, -2.730915), (2.500000, 6.000000, 0.500000), (0.390605, -0.274779, -0.878592), (0.914619, 0.007603, 0.404245), (-0.104398, -0.961477, 0.254288)
(10.568527, 3.628939, -3.992378), (2.500000, 6.000000, 0.500000), (0.759751, -0.473758, -0.445346), (0.626021, 0.347871, 0.697914), (-0.175719, -0.809036, 0.560877)
(-39.097042, 0.325835, 1.530917), (2.500000, 6.000000, 0.500000), (-0.134975, -0.918483, 0.371713), (0.784974, 0.129805, 0.605778), (-0.604647, 0.373550, 0.703465)
(-12.049570, 4.946965, -4.286699), (2.500000, 6.000000, 0.500000), (-0.751821, 0.271164, 0.601029), (-0.640169, -0.081826, -0.763864), (-0.157953, -0.959049, 0.235109)
(-0.067037, 4.475980, 15.651880), (2.500000, 6.000000, 0.500000), (-0.459679, 0.183660, 0.868887), (-0.857577, -0.346037, -0.380552), (0.230775, -0.920069, 0.316568)
(6.464088, 3.109394, 19.080148), (2.500000, 6.000000, 0.500000), (-0.499029, 0.594900, -0.630130), (0.789276, 0.011798, -0.613926), (-0.357790, -0.803713, -0.475428)
(-33.684156, -5.966073, 17.916758), (2.500000, 6.000000, 0.500000), (-0.331550, -0.344538, -0.878276), (-0.933434, -0.015412, 0.358419), (-0.137025, 0.938646, -0.316493)
(-25.465612, -5.650530, -8.838794), (2.500000, 6.000000, 0.500000), (0.255183, 0.185934, -0.948847), (-0.948704, -0.141303, -0.282834), (-0.186663, 0.972349, 0.140338)
(23.856166, 1.587106, 22.417424), (2.500000, 6.000000, 0.500000), (-0.586442, 0.721355, -0.368418), (0.472576, -0.064696, -0.878912), (-0.657843, -0.689537, -0.302954)
(11.531048, 0.282329, -14.988322), (2.500000, 6.000000, 0.500000), (-0.090123, -0.984644, 0.149512), (0.074893, -0.156398, -0.984850), (0.993111, -0.077561, 0.087839)
(17.069024, 0.838633, -34.838107), (2.500000, 6.000000, 0.500000), (-0.935026, -0.229734, 0.270089), (-0.354302, 0.575283, -0.737238), (0.013991, -0.785030, -0.619300)
(24.460585, -0.834534, 13.067411), (2.500000, 6.000000, 0.500000), (-0.541604, 0.218185, 0.811825), (0.123946, -0.934449, 0.333831), (0.831446, 0.281426, 0.479058)
(-1.175485, -4.165461, 19.547013), (2.500000, 6.000000, 0.500000), (0.155761, 0.981672, 0.109811), (-0.840307, 0.073246, 0.537139), (0.519252, -0.175940, 0.836315)
(-8.771386, 1.222948, -17.656589), (2.500000, 6.000000, 0.500000), (-0.854042, -0.022440, 0.519719), (0.167113, -0.957949, 0.233251), (0.492631, 0.286058, 0.821879)
(-8.262074, 0.260204, -7.016907), (2.500000, 6.000000, 0.500000), (0.262235, 0.100716, 0.959734), (-0.864001, 0.467467, 0.187020), (-0.429808, -0.878255, 0.209605)
(-13.101766, 4.360023, -23.467441), (2.500000, 6.000000, 0.500000), (-0.523350, -0.218317, -0.823676), (0.849893, -0.063932, -0.523063), (0.061534, -0.973782, 0.219005)
(-37.000265, 2.380136, -11.505816), (2.500000, 6.000000, 0.500000), (0.259985, -0.557010, 0.788764), (0.941626, -0.034692, -0.334869), (0.213889, 0.829781, 0.515475)
(-29.793953, -6.444873, -0.851174), (2.500000, 6.000000, 0.500000), (0.132105, 0.088744, -0.987255), (0.991031, 0.008397, 0.133365), (0.020126, -0.996019, -0.086839)
(-26.233115, 1.707783, -24.437319), (2.500000, 6.000000, 0.500000), (-0.647620, -0.199935, 0.735265), (-0.554904, 0.785047, -0.275287), (-0.522178, -0.586283, -0.619356)
(-10.274345, -1.997626, 26.414058), (2.500000, 6.000000, 0.500000), (0.752011, -0.382042, -0.537144), (0.496055, -0.208610, 0.842859), (-0.434061, -0.900292, 0.032637)
(-0.925287, -2.745350, -23.692618), (2.500000, 6.000000, 0.500000), (0.812880, -0.546108, -0.202465), (0.371213, 0.217912, 0.902616), (-0.448806, -0.808876, 0.379859)
(10.330420, 3.721794, -28.058851), (2.500000, 6.000000, 0.500000), (0.012836, 0.997998, -0.061924), (-0.439709, 0.061254, 0.896049), (0.898048, 0.015727, 0.439615)
(35.156539, 2.976743, -4.091541), (2.500000, 6.000000, 0.500000), (0.906590, 0.339397, -0.250808), (0.406070, -0.539753, 0.737410), (0.114900, -0.770374, -0.627154)
(-21.897261, 5.812141, -8.972949), (2.500000, 6.000000, 0.500000), (0.986665, 0.138886, 0.084867), (0.093466, -0.056600, -0.994012), (-0.133251, 0.988690, -0.068827)
(18.154380, -1.200129, 13.434092), (2.500000, 6.000000, 0.500000), (0.753171, 0.645235, 0.128086), (-0.599365, 0.592860, 0.537846), (0.271100, -0.481860, 0.833256)
