210, 1, 40.107
cylinder, 40, 2.5, 0, 1, 1, 1, 1, 1, 1, 0, 0, 0, 0, 0
(-23.100000, 0.050000, 12.651876), (0.500000, 6.000000, 1.000000), (1.000000, 0.000000, 0.000000), (0.000000, 0.000000, 1.000000), (0.000000, 1.000000, 0.000000)
(-17.900000, 0.050000, 27.530905), (0.500000, 6.000000, 1.000000), (1.000000, 0.000000, 0.000000), (0.000000, 0.000000, 1.000000), (0.000000, 1.000000, 0.000000)
(27.600000, 0.050000, -20.891425), (0.500000, 6.000000, 1.000000), (1.000000, 0.000000, 0.000000), (0.000000, 0.000000, 1.000000), (0.000000, 1.000000, 0.000000)
(-27.000000, 0.050000, -7.142542), (0.500000, 6.000000, 1.000000), (1.000000, 0.000000, 0.000000), (0.000000, 0.000000, 1.000000), (0.000000, 1.000000, 0.000000)
(26.300000, 0.050000, 21.402909), (0.500000, 6.000000, 1.000000), (1.000000, 0.000000, 0.000000), (0.000000, 0.000000, 1.000000), (0.000000, 1.000000, 0.000000)
(-37.400000, 0.050000, 6.595303), (0.500000, 6.000000, 1.000000), (1.000000, 0.000000, 0.000000), (0.000000, 0.000000, 1.000000), (0.000000, 1.000000, 0.000000)
(-11.400000, 0.050000, 31.329358), (0.500000, 6.000000, 1.000000), (1.000000, 0.000000, 0.000000), (0.000000, 0.000000, 1.000000), (0.000000, 1.000000, 0.000000)
(-29.600000, 0.050000, -19.662565), (0.500000, 6.000000, 1.000000), (1.000000, 0.000000, 0.000000), (0.000000, 0.000000, 1.000000), (0.000000, 1.000000, 0.000000)
(0.300000, 0.050000, 19.428089), (0.500000, 6.000000, 1.000000), (1.000000, 0.000000, 0.000000), (0.000000, 0.000000, 1.000000), (0.000000, 1.000000, 0.000000)
(19.800000, 0.050000, -13.651906), (0.500000, 6.000000, 1.000000), (1.000000, 0.000000, 0.000000), (0.000000, 0.000000, 1.000000), (0.000000, 1.000000, 0.000000)
(-28.300000, 0.050000, 20.281120), (0.500000, 6.000000, 1.000000), (1.000000, 0.000000, 0.000000), (0.000000, 0.000000, 1.000000), (0.000000, 1.000000, 0.000000)
(-16.600000, 0.050000, -14.197619), (0.500000, 6.000000, 1.000000), (1.000000, 0.000000, 0.000000), (0.000000, 0.000000, 1.000000), (0.000000, 1.000000, 0.000000)
(-24.400000, 0.050000, 24.814038), (0.500000, 6.000000, 1.000000), (1.000000, 0.000000, 0.000000), (0.000000, 0.000000, 1.000000), (0.000000, 1.000000, 0.000000)
(12.000000, 0.050000, 18.638958), (0.500000, 6.000000, 1.000000), (1.000000, 0.000000, 0.000000), (0.000000, 0.000000, 1.000000), (0.000000, 1.000000, 0.000000)
(8.100000, 0.050000, 31.922350), (0.500000, 6.000000, 1.000000), (1.000000, 0.000000, 0.000000), (0.000000, 0.000000, 1.000000), (0.000000, 1.000000, 0.000000)
(27.600000, 0.050000, 20.691425), (0.500000, 6.000000, 1.000000), (1.000000, 0.000000, 0.000000), (0.000000, 0.000000, 1.000000), (0.000000, 1.000000, 0.000000)
(6.800000, 0.050000, -6.659680), (0.500000, 6.000000, 1.000000), (1.000000, 0.000000, 0.000000), (0.000000, 0.000000, 1.000000), (0.000000, 1.000000, 0.000000)
(-27.000000, 0.050000, 21.027625), (0.500000, 6.000000, 1.000000), (1.000000, 0.000000, 0.000000), (0.000000, 0.000000, 1.000000), (0.000000, 1.000000, 0.000000)
(-37.400000, 0.050000, -6.595303), (0.500000, 6.000000, 1.000000), (1.000000, 0.000000, 0.000000), (0.000000, 0.000000, 1.000000), (0.000000, 1.000000, 0.000000)
(-29.600000, 0.050000, 19.462565), (0.500000, 6.000000, 1.000000), (1.000000, 0.000000, 0.000000), (0.000000, 0.000000, 1.000000), (0.000000, 1.000000, 0.000000)
(0.300000, 0.050000, 6.342696), (0.500000, 6.000000, 1.000000), (1.000000, 0.000000, 0.000000), (0.000000, 0.000000, 1.000000), (0.000000, 1.000000, 0.000000)
(19.800000, 0.050000, -0.150000), (0.500000, 6.000000, 1.000000), (1.000000, 0.000000, 0.000000), (0.000000, 0.000000, 1.000000), (0.000000, 1.000000, 0.000000)
(-7.500000, 0.050000, -32.407560), (0.500000, 6.000000, 1.000000), (1.000000, 0.000000, 0.000000), (0.000000, 0.000000, 1.000000), (0.000000, 1.000000, 0.000000)
(-4.900000, 0.050000, -19.699460), (0.500000, 6.000000, 1.000000), (1.000000, 0.000000, 0.000000), (0.000000, 0.000000, 1.000000), (0.000000, 1.000000, 0.000000)
(0.300000, 0.050000, 32.513482), (0.500000, 6.000000, 1.000000), (1.000000, 0.000000, 0.000000), (0.000000, 0.000000, 1.000000), (0.000000, 1.000000, 0.000000)
(35.400000, 0.050000, 8.074547), (0.500000, 6.000000, 1.000000), (1.000000, 0.000000, 0.000000), (0.000000, 0.000000, 1.000000), (0.000000, 1.000000, 0.000000)
(0.300000, 0.050000, -19.828089), (0.500000, 6.000000, 1.000000), (1.000000, 0.000000, 0.000000), (0.000000, 0.000000, 1.000000), (0.000000, 1.000000, 0.000000)
(8.100000, 0.050000, 19.073410), (0.500000, 6.000000, 1.000000), (1.000000, 0.000000, 0.000000), (0.000000, 0.000000, 1.000000), (0.000000, 1.000000, 0.000000)
(-2.300000, 0.050000, 6.333403), (0.500000, 6.000000, 1.000000), (1.000000, 0.000000, 0.000000), (0.000000, 0.000000, 1.000000), (0.000000, 1.000000, 0.000000)
(-1.000000, 0.050000, -32.905356), (0.500000, 6.000000, 1.000000), (1.000000, 0.000000, 0.000000), (0.000000, 0.000000, 1.000000), (0.000000, 1.000000, 0.000000)
(25.000000, 0.050000, 22.054994), (0.500000, 6.000000, 1.000000), (1.000000, 0.000000, 0.000000), (0.000000, 0.000000, 1.000000), (0.000000, 1.000000, 0.000000)
(-11.400000, 0.050000, 6.105872), (0.500000, 6.000000, 1.000000), (1.000000, 0.000000, 0.000000), (0.000000, 0.000000, 1.000000), (0.000000, 1.000000, 0.000000)
(5.500000, 0.050000, -19.665745), (0.500000, 6.000000, 1.000000), (1.000000, 0.000000, 0.000000), (0.000000, 0.000000, 1.000000), (0.000000, 1.000000, 0.000000)
(-10.100000, 0.050000, 18.873090), (0.500000, 6.000000, 1.000000), (1.000000, 0.000000, 0.000000), (0.000000, 0.000000, 1.000000), (0.000000, 1.000000, 0.000000)
(-36.100000, 0.050000, -7.609198), (0.500000, 6.000000, 1.000000), (1.000000, 0.000000, 0.000000), (0.000000, 0.000000, 1.000000), (0.000000, 1.000000, 0.000000)
(21.100000, 0.050000, -13.394067), (0.500000, 6.000000, 1.000000), (1.000000, 0.000000, 0.000000), (0.000000, 0.000000, 1.000000), (0.000000, 1.000000, 0.000000)
(-32.200000, 0.050000, 14.640496), (0.500000, 6.000000, 1.000000), (1.000000, 0.000000, 0.000000), (0.000000, 0.000000, 1.000000), (0.000000, 1.000000, 0.000000)
(6.800000, 0.050000, -32.498402), (0.500000, 6.000000, 1.000000), (1.000000, 0.000000, 0.000000), (0.000000, 0.000000, 1.000000), (0.000000, 1.000000, 0.000000)
(-30.900000, 0.050000, 6.120118), (0.500000, 6.000000, 1.000000), (1.000000, 0.000000, 0.000000), (0.000000, 0.000000, 1.000000), (0.000000, 1.000000, 0.000000)
(22.400000, 0.050000, -26.076470), (0.500000, 6.000000, 1.000000), (1.000000, 0.000000, 0.000000), (0.000000, 0.000000, 1.000000), (0.000000, 1.000000, 0.000000)
(36.700000, 0.050000, -7.169810), (0.500000, 6.000000, 1.000000), (1.000000, 0.000000, 0.000000), (0.000000, 0.000000, 1.000000), (0.000000, 1.000000, 0.000000)
(31.500000, 0.050000, 15.101293), (0.500000, 6.000000, 1.000000), (1.000000, 0.000000, 0.000000), (0.000000, 0.000000, 1.000000), (0.000000, 1.000000, 0.000000)
(27.600000, 0.050000, -7.030475), (0.500000, 6.000000, 1.000000), (1.000000, 0.000000, 0.000000), (0.000000, 0.000000, 1.000000), (0.000000, 1.000000, 0.000000)
(12.000000, 0.050000, -31.598263), (0.500000, 6.000000, 1.000000), (1.000000, 0.000000, 0.000000), (0.000000, 0.000000, 1.000000), (0.000000, 1.000000, 0.000000)
(-20.500000, 0.050000, 26.581659), (0.500000, 6.000000, 1.000000), (1.000000, 0.000000, 0.000000), (0.000000, 0.000000, 1.000000), (0.000000, 1.000000, 0.000000)
(32.800000, 0.050000, -14.322270), (0.500000, 6.000000, 1.000000), (1.000000, 0.000000, 0.000000), (0.000000, 0.000000, 1.000000), (0.000000, 1.000000, 0.000000)
(34.100000, 0.050000, -0.050000), (0.500000, 6.000000, 1.000000), (1.000000, 0.000000, 0.000000), (0.000000, 0.000000, 1.000000), (0.000000, 1.000000, 0.000000)
(6.800000, 0.050000, 6.259680), (0.500000, 6.000000, 1.000000), (1.000000, 0.000000, 0.000000), (0.000000, 0.000000, 1.000000), (0.000000, 1.000000, 0.000000)
(9.400000, 0.050000, 6.182831), (0.500000, 6.000000, 1.000000), (1.000000, 0.000000, 0.000000), (0.000000, 0.000000, 1.000000), (0.000000, 1.000000, 0.000000)
(5.500000, 0.050000, 19.265745), (0.500000, 6.000000, 1.000000), (1.000000, 0.000000, 0.000000), (0.000000, 0.000000, 1.000000), (0.000000, 1.000000, 0.000000)
(-15.300000, 0.050000, -28.622146), (0.500000, 6.000000, 1.000000), (1.000000, 0.000000, 0.000000), (0.000000, 0.000000, 1.000000), (0.000000, 1.000000, 0.000000)
(-16.600000, 0.050000, 27.945238), (0.500000, 6.000000, 1.000000), (1.000000, 0.000000, 0.000000), (0.000000, 0.000000, 1.000000), (0.000000, 1.000000, 0.000000)
(-38.700000, 0.050000, 0.050000), (0.500000, 6.000000, 1.000000), (1.000000, 0.000000, 0.000000), (0.000000, 0.000000, 1.000000), (0.000000, 1.000000, 0.000000)
(-6.200000, 0.050000, 32.168985), (0.500000, 6.000000, 1.000000), (1.000000, 0.000000, 0.000000), (0.000000, 0.000000, 1.000000), (0.000000, 1.000000, 0.000000)
(-33.500000, 0.050000, 13.703746), (0.500000, 6.000000, 1.000000), (1.000000, 0.000000, 0.000000), (0.000000, 0.000000, 1.000000), (0.000000, 1.000000, 0.000000)
(4.200000, 0.050000, 32.356349), (0.500000, 6.000000, 1.000000), (1.000000, 0.000000, 0.000000), (0.000000, 0.000000, 1.000000), (0.000000, 1.000000, 0.000000)
(-11.400000, 0.050000, -19.117615), (0.500000, 6.000000, 1.000000), (1.000000, 0.000000, 0.000000), (0.000000, 0.000000, 1.000000), (0.000000, 1.000000, 0.000000)
(-20.500000, 0.050000, 13.215830), (0.500000, 6.000000, 1.000000), (1.000000, 0.000000, 0.000000), (0.000000, 0.000000, 1.000000), (0.000000, 1.000000, 0.000000)
(1.600000, 0.050000, -32.891419), (0.500000, 6.000000, 1.000000), (1.000000, 0.000000, 0.000000), (0.000000, 0.000000, 1.000000), (0.000000, 1.000000, 0.000000)
(-7.500000, 0.050000, 19.124536), (0.500000, 6.000000, 1.000000), (1.000000, 0.000000, 0.000000), (0.000000, 0.000000, 1.000000), (0.000000, 1.000000, 0.000000)
(-17.900000, 0.050000, -0.150000), (0.500000, 6.000000, 1.000000), (1.000000, 0.000000, 0.000000), (0.000000, 0.000000, 1.000000), (0.000000, 1.000000, 0.000000)
(-23.100000, 0.050000, -0.150000), (0.500000, 6.000000, 1.000000), (1.000000, 0.000000, 0.000000), (0.000000, 0.000000, 1.000000), (0.000000, 1.000000, 0.000000)
(10.700000, 0.050000, 31.473082), (0.500000, 6.000000, 1.000000), (1.000000, 0.000000, 0.000000), (0.000000, 0.000000, 1.000000), (0.000000, 1.000000, 0.000000)
(17.200000, 0.050000, 27.758770), (0.500000, 6.000000, 1.000000), (1.000000, 0.000000, 0.000000), (0.000000, 0.000000, 1.000000), (0.000000, 1.000000, 0.000000)
(22.400000, 0.050000, 12.813235), (0.500000, 6.000000, 1.000000), (1.000000, 0.000000, 0.000000), (0.000000, 0.000000, 1.000000), (0.000000, 1.000000, 0.000000)
(28.900000, 0.050000, -20.112902), (0.500000, 6.000000, 1.000000), (1.000000, 0.000000, 0.000000), (0.000000, 0.000000, 1.000000), (0.000000, 1.000000, 0.000000)
(-15.300000, 0.050000, -0.150000), (0.500000, 6.000000, 1.000000), (1.000000, 0.000000, 0.000000), (0.000000, 0.000000, 1.000000), (0.000000, 1.000000, 0.000000)
(30.200000, 0.050000, -6.485798), (0.500000, 6.000000, 1.000000), (1.000000, 0.000000, 0.000000), (0.000000, 0.000000, 1.000000), (0.000000, 1.000000, 0.000000)
(-17.900000, 0.050000, 13.690452), (0.500000, 6.000000, 1.000000), (1.000000, 0.000000, 0.000000), (0.000000, 0.000000, 1.000000), (0.000000, 1.000000, 0.000000)
(17.200000, 0.050000, 13.804385), (0.500000, 6.000000, 1.000000), (1.000000, 0.000000, 0.000000), (0.000000, 0.000000, 1.000000), (0.000000, 1.000000, 0.000000)
(-19.200000, 0.050000, -27.377160), (0.500000, 6.000000, 1.000000), (1.000000, 0.000000, 0.000000), (0.000000, 0.000000, 1.000000), (0.000000, 1.000000, 0.000000)
(-2.300000, 0.050000, -32.867014), (0.500000, 6.000000, 1.000000), (1.000000, 0.000000, 0.000000), (0.000000, 0.000000, 1.000000), (0.000000, 1.000000, 0.000000)
(-7.500000, 0.050000, -19.524536), (0.500000, 6.000000, 1.000000), (1.000000, 0.000000, 0.000000), (0.000000, 0.000000, 1.000000), (0.000000, 1.000000, 0.000000)
(14.600000, 0.050000, -14.480100), (0.500000, 6.000000, 1.000000), (1.000000, 0.000000, 0.000000), (0.000000, 0.000000, 1.000000), (0.000000, 1.000000, 0.000000)
(-7.500000, 0.050000, 32.007560), (0.500000, 6.000000, 1.000000), (1.000000, 0.000000, 0.000000), (0.000000, 0.000000, 1.000000), (0.000000, 1.000000, 0.000000)
(-3.600000, 0.050000, -19.759002), (0.500000, 6.000000, 1.000000), (1.000000, 0.000000, 0.000000), (0.000000, 0.000000, 1.000000), (0.000000, 1.000000, 0.000000)
(-32.200000, 0.050000, -0.050000), (0.500000, 6.000000, 1.000000), (1.000000, 0.000000, 0.000000), (0.000000, 0.000000, 1.000000), (0.000000, 1.000000, 0.000000)
(19.800000, 0.050000, -27.153813), (0.500000, 6.000000, 1.000000), (1.000000, 0.000000, 0.000000), (0.000000, 0.000000, 1.000000), (0.000000, 1.000000, 0.000000)
(1.600000, 0.050000, -6.738284), (0.500000, 6.000000, 1.000000), (1.000000, 0.000000, 0.000000), (0.000000, 0.000000, 1.000000), (0.000000, 1.000000, 0.000000)
(26.300000, 0.050000, -7.267636), (0.500000, 6.000000, 1.000000), (1.000000, 0.000000, 0.000000), (0.000000, 0.000000, 1.000000), (0.000000, 1.000000, 0.000000)
(-3.600000, 0.050000, 6.319667), (0.500000, 6.000000, 1.000000), (1.000000, 0.000000, 0.000000), (0.000000, 0.000000, 1.000000), (0.000000, 1.000000, 0.000000)
(-14.000000, 0.050000, -31.107134), (0.500000, 6.000000, 1.000000), (1.000000, 0.000000, 0.000000), (0.000000, 0.000000, 1.000000), (0.000000, 1.000000, 0.000000)
(28.900000, 0.050000, 6.570967), (0.500000, 6.000000, 1.000000), (1.000000, 0.000000, 0.000000), (0.000000, 0.000000, 1.000000), (0.000000, 1.000000, 0.000000)
(18.500000, 0.050000, 27.326514), (0.500000, 6.000000, 1.000000), (1.000000, 0.000000, 0.000000), (0.000000, 0.000000, 1.000000), (0.000000, 1.000000, 0.000000)
(35.400000, 0.050000, -8.074547), (0.500000, 6.000000, 1.000000), (1.000000, 0.000000, 0.000000), (0.000000, 0.000000, 1.000000), (0.000000, 1.000000, 0.000000)
(-8.800000, 0.050000, -19.408569), (0.500000, 6.000000, 1.000000), (1.000000, 0.000000, 0.000000), (0.000000, 0.000000, 1.000000), (0.000000, 1.000000, 0.000000)
(22.400000, 0.050000, 25.776470), (0.500000, 6.000000, 1.000000), (1.000000, 0.000000, 0.000000), (0.000000, 0.000000, 1.000000), (0.000000, 1.000000, 0.000000)
(-25.700000, 0.050000, 21.710856), (0.500000, 6.000000, 1.000000), (1.000000, 0.000000, 0.000000), (0.000000, 0.000000, 1.000000), (0.000000, 1.000000, 0.000000)
(-12.700000, 0.050000, 31.035951), (0.500000, 6.000000, 1.000000), (1.000000, 0.000000, 0.000000), (0.000000, 0.000000, 1.000000), (0.000000, 1.000000, 0.000000)
(-25.700000, 0.050000, -7.370285), (0.500000, 6.000000, 1.000000), (1.000000, 0.000000, 0.000000), (0.000000, 0.000000, 1.000000), (0.000000, 1.000000, 0.000000)
(26.300000, 0.050000, -21.602909), (0.500000, 6.000000, 1.000000), (1.000000, 0.000000, 0.000000), (0.000000, 0.000000, 1.000000), (0.000000, 1.000000, 0.000000)
(10.700000, 0.050000, -6.534616), (0.500000, 6.000000, 1.000000), (1.000000, 0.000000, 0.000000), (0.000000, 0.000000, 1.000000), (0.000000, 1.000000, 0.000000)
(-27.000000, 0.050000, 6.942542), (0.500000, 6.000000, 1.000000), (1.000000, 0.000000, 0.000000), (0.000000, 0.000000, 1.000000), (0.000000, 1.000000, 0.000000)
(-15.300000, 0.050000, 28.322146), (0.500000, 6.000000, 1.000000), (1.000000, 0.000000, 0.000000), (0.000000, 0.000000, 1.000000), (0.000000, 1.000000, 0.000000)
(12.000000, 0.050000, 6.079653), (0.500000, 6.000000, 1.000000), (1.000000, 0.000000, 0.000000), (0.000000, 0.000000, 1.000000), (0.000000, 1.000000, 0.000000)
(-4.900000, 0.050000, -32.699100), (0.500000, 6.000000, 1.000000), (1.000000, 0.000000, 0.000000), (0.000000, 0.000000, 1.000000), (0.000000, 1.000000, 0.000000)
(-33.500000, 0.050000, -0.050000), (0.500000, 6.000000, 1.000000), (1.000000, 0.000000, 0.000000), (0.000000, 0.000000, 1.000000), (0.000000, 1.000000, 0.000000)
(38.000000, 0.050000, 0.050000), (0.500000, 6.000000, 1.000000), (1.000000, 0.000000, 0.000000), (0.000000, 0.000000, 1.000000), (0.000000, 1.000000, 0.000000)
(26.300000, 0.050000, 7.067636), (0.500000, 6.000000, 1.000000), (1.000000, 0.000000, 0.000000), (0.000000, 0.000000, 1.000000), (0.000000, 1.000000, 0.000000)
(36.700000, 0.050000, 7.169810), (0.500000, 6.000000, 1.000000), (1.000000, 0.000000, 0.000000), (0.000000, 0.000000, 1.000000), (0.000000, 1.000000, 0.000000)
(-33.500000, 0.050000, -13.803746), (0.500000, 6.000000, 1.000000), (1.000000, 0.000000, 0.000000), (0.000000, 0.000000, 1.000000), (0.000000, 1.000000, 0.000000)
(-8.800000, 0.050000, 19.008569), (0.500000, 6.000000, 1.000000), (1.000000, 0.000000, 0.000000), (0.000000, 0.000000, 1.000000), (0.000000, 1.000000, 0.000000)
(-16.600000, 0.050000, -0.150000), (0.500000, 6.000000, 1.000000), (1.000000, 0.000000, 0.000000), (0.000000, 0.000000, 1.000000), (0.000000, 1.000000, 0.000000)
(5.500000, 0.050000, -6.688582), (0.500000, 6.000000, 1.000000), (1.000000, 0.000000, 0.000000), (0.000000, 0.000000, 1.000000), (0.000000, 1.000000, 0.000000)
(-21.800000, 0.050000, -13.245814), (0.500000, 6.000000, 1.000000), (1.000000, 0.000000, 0.000000), (0.000000, 0.000000, 1.000000), (0.000000, 1.000000, 0.000000)
(-2.300000, 0.050000, -6.733403), (0.500000, 6.000000, 1.000000), (1.000000, 0.000000, 0.000000), (0.000000, 0.000000, 1.000000), (0.000000, 1.000000, 0.000000)
(31.500000, 0.050000, -15.201293), (0.500000, 6.000000, 1.000000), (1.000000, 0.000000, 0.000000), (0.000000, 0.000000, 1.000000), (0.000000, 1.000000, 0.000000)
(31.500000, 0.050000, -0.050000), (0.500000, 6.000000, 1.000000), (1.000000, 0.000000, 0.000000), (0.000000, 0.000000, 1.000000), (0.000000, 1.000000, 0.000000)
(10.700000, 0.050000, -19.203849), (0.500000, 6.000000, 1.000000), (1.000000, 0.000000, 0.000000), (0.000000, 0.000000, 1.000000), (0.000000, 1.000000, 0.000000)
(-4.900000, 0.050000, 32.299100), (0.500000, 6.000000, 1.000000), (1.000000, 0.000000, 0.000000), (0.000000, 0.000000, 1.000000), (0.000000, 1.000000, 0.000000)
(13.300000, 0.050000, 6.017733), (0.500000, 6.000000, 1.000000), (1.000000, 0.000000, 0.000000), (0.000000, 0.000000, 1.000000), (0.000000, 1.000000, 0.000000)
(-6.200000, 0.050000, 6.273797), (0.500000, 6.000000, 1.000000), (1.000000, 0.000000, 0.000000), (0.000000, 0.000000, 1.000000), (0.000000, 1.000000, 0.000000)
(-12.700000, 0.050000, 6.047190), (0.500000, 6.000000, 1.000000), (1.000000, 0.000000, 0.000000), (0.000000, 0.000000, 1.000000), (0.000000, 1.000000, 0.000000)
(-34.800000, 0.050000, -12.736034), (0.500000, 6.000000, 1.000000), (1.000000, 0.000000, 0.000000), (0.000000, 0.000000, 1.000000), (0.000000, 1.000000, 0.000000)
(-34.800000, 0.050000, 12.636034), (0.500000, 6.000000, 1.000000), (1.000000, 0.000000, 0.000000), (0.000000, 0.000000, 1.000000), (0.000000, 1.000000, 0.000000)
(6.800000, 0.050000, 19.179041), (0.500000, 6.000000, 1.000000), (1.000000, 0.000000, 0.000000), (0.000000, 0.000000, 1.000000), (0.000000, 1.000000, 0.000000)
(14.600000, 0.050000, 28.510201), (0.500000, 6.000000, 1.000000), (1.000000, 0.000000, 0.000000), (0.000000, 0.000000, 1.000000), (0.000000, 1.000000, 0.000000)
(-25.700000, 0.050000, 7.170285), (0.500000, 6.000000, 1.000000), (1.000000, 0.000000, 0.000000), (0.000000, 0.000000, 1.000000), (0.000000, 1.000000, 0.000000)
(28.900000, 0.050000, -6.770967), (0.500000, 6.000000, 1.000000), (1.000000, 0.000000, 0.000000), (0.000000, 0.000000, 1.000000), (0.000000, 1.000000, 0.000000)
(-8.800000, 0.050000, -32.214282), (0.500000, 6.000000, 1.000000), (1.000000, 0.000000, 0.000000), (0.000000, 0.000000, 1.000000), (0.000000, 1.000000, 0.000000)
(1.600000, 0.050000, 19.414852), (0.500000, 6.000000, 1.000000), (1.000000, 0.000000, 0.000000), (0.000000, 0.000000, 1.000000), (0.000000, 1.000000, 0.000000)
(-23.100000, 0.050000, -25.753752), (0.500000, 6.000000, 1.000000), (1.000000, 0.000000, 0.000000), (0.000000, 0.000000, 1.000000), (0.000000, 1.000000, 0.000000)
(-1.000000, 0.050000, 19.423213), (0.500000, 6.000000, 1.000000), (1.000000, 0.000000, 0.000000), (0.000000, 0.000000, 1.000000), (0.000000, 1.000000, 0.000000)
(15.900000, 0.050000, -28.452725), (0.500000, 6.000000, 1.000000), (1.000000, 0.000000, 0.000000), (0.000000, 0.000000, 1.000000), (0.000000, 1.000000, 0.000000)
(32.800000, 0.050000, -0.050000), (0.500000, 6.000000, 1.000000), (1.000000, 0.000000, 0.000000), (0.000000, 0.000000, 1.000000), (0.000000, 1.000000, 0.000000)
(30.200000, 0.050000, 19.057395), (0.500000, 6.000000, 1.000000), (1.000000, 0.000000, 0.000000), (0.000000, 0.000000, 1.000000), (0.000000, 1.000000, 0.000000)
(15.900000, 0.050000, -0.150000), (0.500000, 6.000000, 1.000000), (1.000000, 0.000000, 0.000000), (0.000000, 0.000000, 1.000000), (0.000000, 1.000000, 0.000000)
(-3.600000, 0.050000, -6.719667), (0.500000, 6.000000, 1.000000), (1.000000, 0.000000, 0.000000), (0.000000, 0.000000, 1.000000), (0.000000, 1.000000, 0.000000)
(22.400000, 0.050000, -0.150000), (0.500000, 6.000000, 1.000000), (1.000000, 0.000000, 0.000000), (0.000000, 0.000000, 1.000000), (0.000000, 1.000000, 0.000000)
(18.500000, 0.050000, -13.888257), (0.500000, 6.000000, 1.000000), (1.000000, 0.000000, 0.000000), (0.000000, 0.000000, 1.000000), (0.000000, 1.000000, 0.000000)
(2.900000, 0.050000, -6.727819), (0.500000, 6.000000, 1.000000), (1.000000, 0.000000, 0.000000), (0.000000, 0.000000, 1.000000), (0.000000, 1.000000, 0.000000)
(-2.300000, 0.050000, 32.467014), (0.500000, 6.000000, 1.000000), (1.000000, 0.000000, 0.000000), (0.000000, 0.000000, 1.000000), (0.000000, 1.000000, 0.000000)
(18.500000, 0.050000, -27.626514), (0.500000, 6.000000, 1.000000), (1.000000, 0.000000, 0.000000), (0.000000, 0.000000, 1.000000), (0.000000, 1.000000, 0.000000)
(-4.900000, 0.050000, -6.699820), (0.500000, 6.000000, 1.000000), (1.000000, 0.000000, 0.000000), (0.000000, 0.000000, 1.000000), (0.000000, 1.000000, 0.000000)
(27.600000, 0.050000, 6.830475), (0.500000, 6.000000, 1.000000), (1.000000, 0.000000, 0.000000), (0.000000, 0.000000, 1.000000), (0.000000, 1.000000, 0.000000)
(25.000000, 0.050000, -22.254994), (0.500000, 6.000000, 1.000000), (1.000000, 0.000000, 0.000000), (0.000000, 0.000000, 1.000000), (0.000000, 1.000000, 0.000000)
(-15.300000, 0.050000, 14.086073), (0.500000, 6.000000, 1.000000), (1.000000, 0.000000, 0.000000), (0.000000, 0.000000, 1.000000), (0.000000, 1.000000, 0.000000)
(14.600000, 0.050000, -0.150000), (0.500000, 6.000000, 1.000000), (1.000000, 0.000000, 0.000000), (0.000000, 0.000000, 1.000000), (0.000000, 1.000000, 0.000000)
(-29.600000, 0.050000, 6.420855), (0.500000, 6.000000, 1.000000), (1.000000, 0.000000, 0.000000), (0.000000, 0.000000, 1.000000), (0.000000, 1.000000, 0.000000)
(5.500000, 0.050000, 32.242908), (0.500000, 6.000000, 1.000000), (1.000000, 0.000000, 0.000000), (0.000000, 0.000000, 1.000000), (0.000000, 1.000000, 0.000000)
(25.000000, 0.050000, 7.284998), (0.500000, 6.000000, 1.000000), (1.000000, 0.000000, 0.000000), (0.000000, 0.000000, 1.000000), (0.000000, 1.000000, 0.000000)
(23.700000, 0.050000, 25.165212), (0.500000, 6.000000, 1.000000), (1.000000, 0.000000, 0.000000), (0.000000, 0.000000, 1.000000), (0.000000, 1.000000, 0.000000)
(32.800000, 0.050000, 14.222270), (0.500000, 6.000000, 1.000000), (1.000000, 0.000000, 0.000000), (0.000000, 0.000000, 1.000000), (0.000000, 1.000000, 0.000000)
(25.000000, 0.050000, -7.484998), (0.500000, 6.000000, 1.000000), (1.000000, 0.000000, 0.000000), (0.000000, 0.000000, 1.000000), (0.000000, 1.000000, 0.000000)
(-14.000000, 0.050000, 30.707134), (0.500000, 6.000000, 1.000000), (1.000000, 0.000000, 0.000000), (0.000000, 0.000000, 1.000000), (0.000000, 1.000000, 0.000000)
(0.300000, 0.050000, -32.913482), (0.500000, 6.000000, 1.000000), (1.000000, 0.000000, 0.000000), (0.000000, 0.000000, 1.000000), (0.000000, 1.000000, 0.000000)
(-7.500000, 0.050000, 6.241512), (0.500000, 6.000000, 1.000000), (1.000000, 0.000000, 0.000000), (0.000000, 0.000000, 1.000000), (0.000000, 1.000000, 0.000000)
(34.100000, 0.050000, 13.229544), (0.500000, 6.000000, 1.000000), (1.000000, 0.000000, 0.000000), (0.000000, 0.000000, 1.000000), (0.000000, 1.000000, 0.000000)
(-3.600000, 0.050000, -32.798336), (0.500000, 6.000000, 1.000000), (1.000000, 0.000000, 0.000000), (0.000000, 0.000000, 1.000000), (0.000000, 1.000000, 0.000000)
(-28.300000, 0.050000, -20.481120), (0.500000, 6.000000, 1.000000), (1.000000, 0.000000, 0.000000), (0.000000, 0.000000, 1.000000), (0.000000, 1.000000, 0.000000)
(4.200000, 0.050000, 6.311270), (0.500000, 6.000000, 1.000000), (1.000000, 0.000000, 0.000000), (0.000000, 0.000000, 1.000000), (0.000000, 1.000000, 0.000000)
(-30.900000, 0.050000, 18.560354), (0.500000, 6.000000, 1.000000), (1.000000, 0.000000, 0.000000), (0.000000, 0.000000, 1.000000), (0.000000, 1.000000, 0.000000)
(-23.100000, 0.050000, 25.453752), (0.500000, 6.000000, 1.000000), (1.000000, 0.000000, 0.000000), (0.000000, 0.000000, 1.000000), (0.000000, 1.000000, 0.000000)
(34.100000, 0.050000, -13.329544), (0.500000, 6.000000, 1.000000), (1.000000, 0.000000, 0.000000), (0.000000, 0.000000, 1.000000), (0.000000, 1.000000, 0.000000)
(4.200000, 0.050000, 19.333810), (0.500000, 6.000000, 1.000000), (1.000000, 0.000000, 0.000000), (0.000000, 0.000000, 1.000000), (0.000000, 1.000000, 0.000000)
(-24.400000, 0.050000, -0.150000), (0.500000, 6.000000, 1.000000), (1.000000, 0.000000, 0.000000), (0.000000, 0.000000, 1.000000), (0.000000, 1.000000, 0.000000)
(-12.700000, 0.050000, -6.447190), (0.500000, 6.000000, 1.000000), (1.000000, 0.000000, 0.000000), (0.000000, 0.000000, 1.000000), (0.000000, 1.000000, 0.000000)
(30.200000, 0.050000, 6.285798), (0.500000, 6.000000, 1.000000), (1.000000, 0.000000, 0.000000), (0.000000, 0.000000, 1.000000), (0.000000, 1.000000, 0.000000)
(-32.200000, 0.050000, -14.740496), (0.500000, 6.000000, 1.000000), (1.000000, 0.000000, 0.000000), (0.000000, 0.000000, 1.000000), (0.000000, 1.000000, 0.000000)
(-12.700000, 0.050000, -31.435951), (0.500000, 6.000000, 1.000000), (1.000000, 0.000000, 0.000000), (0.000000, 0.000000, 1.000000), (0.000000, 1.000000, 0.000000)
(-10.100000, 0.050000, -19.273090), (0.500000, 6.000000, 1.000000), (1.000000, 0.000000, 0.000000), (0.000000, 0.000000, 1.000000), (0.000000, 1.000000, 0.000000)
(-11.400000, 0.050000, -31.729358), (0.500000, 6.000000, 1.000000), (1.000000, 0.000000, 0.000000), (0.000000, 0.000000, 1.000000), (0.000000, 1.000000, 0.000000)
(-30.900000, 0.050000, -18.760354), (0.500000, 6.000000, 1.000000), (1.000000, 0.000000, 0.000000), (0.000000, 0.000000, 1.000000), (0.000000, 1.000000, 0.000000)
(-19.200000, 0.050000, 13.463580), (0.500000, 6.000000, 1.000000), (1.000000, 0.000000, 0.000000), (0.000000, 0.000000, 1.000000), (0.000000, 1.000000, 0.000000)
(13.300000, 0.050000, 30.888664), (0.500000, 6.000000, 1.000000), (1.000000, 0.000000, 0.000000), (0.000000, 0.000000, 1.000000), (0.000000, 1.000000, 0.000000)
(2.900000, 0.050000, 32.439097), (0.500000, 6.000000, 1.000000), (1.000000, 0.000000, 0.000000), (0.000000, 0.000000, 1.000000), (0.000000, 1.000000, 0.000000)
(6.800000, 0.050000, 32.098402), (0.500000, 6.000000, 1.000000), (1.000000, 0.000000, 0.000000), (0.000000, 0.000000, 1.000000), (0.000000, 1.000000, 0.000000)
(8.100000, 0.050000, -19.473410), (0.500000, 6.000000, 1.000000), (1.000000, 0.000000, 0.000000), (0.000000, 0.000000, 1.000000), (0.000000, 1.000000, 0.000000)
(-4.900000, 0.050000, 19.299460), (0.500000, 6.000000, 1.000000), (1.000000, 0.000000, 0.000000), (0.000000, 0.000000, 1.000000), (0.000000, 1.000000, 0.000000)
(15.900000, 0.050000, 28.152725), (0.500000, 6.000000, 1.000000), (1.000000, 0.000000, 0.000000), (0.000000, 0.000000, 1.000000), (0.000000, 1.000000, 0.000000)
(6.800000, 0.050000, -19.579041), (0.500000, 6.000000, 1.000000), (1.000000, 0.000000, 0.000000), (0.000000, 0.000000, 1.000000), (0.000000, 1.000000, 0.000000)
(-1.000000, 0.050000, -19.823213), (0.500000, 6.000000, 1.000000), (1.000000, 0.000000, 0.000000), (0.000000, 0.000000, 1.000000), (0.000000, 1.000000, 0.000000)
(-11.400000, 0.050000, -6.505872), (0.500000, 6.000000, 1.000000), (1.000000, 0.000000, 0.000000), (0.000000, 0.000000, 1.000000), (0.000000, 1.000000, 0.000000)
(-6.200000, 0.050000, -6.673797), (0.500000, 6.000000, 1.000000), (1.000000, 0.000000, 0.000000), (0.000000, 0.000000, 1.000000), (0.000000, 1.000000, 0.000000)
(-24.400000, 0.050000, -12.632019), (0.500000, 6.000000, 1.000000), (1.000000, 0.000000, 0.000000), (0.000000, 0.000000, 1.000000), (0.000000, 1.000000, 0.000000)
(-21.800000, 0.050000, 12.945814), (0.500000, 6.000000, 1.000000), (1.000000, 0.000000, 0.000000), (0.000000, 0.000000, 1.000000), (0.000000, 1.000000, 0.000000)
(21.100000, 0.050000, 13.094067), (0.500000, 6.000000, 1.000000), (1.000000, 0.000000, 0.000000), (0.000000, 0.000000, 1.000000), (0.000000, 1.000000, 0.000000)
(-10.100000, 0.050000, 6.157697), (0.500000, 6.000000, 1.000000), (1.000000, 0.000000, 0.000000), (0.000000, 0.000000, 1.000000), (0.000000, 1.000000, 0.000000)
(23.700000, 0.050000, -0.150000), (0.500000, 6.000000, 1.000000), (1.000000, 0.000000, 0.000000), (0.000000, 0.000000, 1.000000), (0.000000, 1.000000, 0.000000)
(-30.900000, 0.050000, -6.320118), (0.500000, 6.000000, 1.000000), (1.000000, 0.000000, 0.000000), (0.000000, 0.000000, 1.000000), (0.000000, 1.000000, 0.000000)
(1.600000, 0.050000, -19.814852), (0.500000, 6.000000, 1.000000), (1.000000, 0.000000, 0.000000), (0.000000, 0.000000, 1.000000), (0.000000, 1.000000, 0.000000)
(15.900000, 0.050000, -14.301362), (0.500000, 6.000000, 1.000000), (1.000000, 0.000000, 0.000000), (0.000000, 0.000000, 1.000000), (0.000000, 1.000000, 0.000000)
(-8.800000, 0.050000, -6.602856), (0.500000, 6.000000, 1.000000), (1.000000, 0.000000, 0.000000), (0.000000, 0.000000, 1.000000), (0.000000, 1.000000, 0.000000)
(-10.100000, 0.050000, -6.557697), (0.500000, 6.000000, 1.000000), (1.000000, 0.000000, 0.000000), (0.000000, 0.000000, 1.000000), (0.000000, 1.000000, 0.000000)
(10.700000, 0.050000, -31.873082), (0.500000, 6.000000, 1.000000), (1.000000, 0.000000, 0.000000), (0.000000, 0.000000, 1.000000), (0.000000, 1.000000, 0.000000)
(-20.500000, 0.050000, -13.515830), (0.500000, 6.000000, 1.000000), (1.000000, 0.000000, 0.000000), (0.000000, 0.000000, 1.000000), (0.000000, 1.000000, 0.000000)
(-29.600000, 0.050000, -6.620855), (0.500000, 6.000000, 1.000000), (1.000000, 0.000000, 0.000000), (0.000000, 0.000000, 1.000000), (0.000000, 1.000000, 0.000000)
(-16.600000, 0.050000, -28.245238), (0.500000, 6.000000, 1.000000), (1.000000, 0.000000, 0.000000), (0.000000, 0.000000, 1.000000), (0.000000, 1.000000, 0.000000)
(12.000000, 0.050000, 31.198263), (0.500000, 6.000000, 1.000000), (1.000000, 0.000000, 0.000000), (0.000000, 0.000000, 1.000000), (0.000000, 1.000000, 0.000000)
(-36.100000, 0.050000, 7.609198), (0.500000, 6.000000, 1.000000), (1.000000, 0.000000, 0.000000), (0.000000, 0.000000, 1.000000), (0.000000, 1.000000, 0.000000)
(-27.000000, 0.050000, -21.227625), (0.500000, 6.000000, 1.000000), (1.000000, 0.000000, 0.000000), (0.000000, 0.000000, 1.000000), (0.000000, 1.000000, 0.000000)
(23.700000, 0.050000, -25.465212), (0.500000, 6.000000, 1.000000), (1.000000, 0.000000, 0.000000), (0.000000, 0.000000, 1.000000), (0.000000, 1.000000, 0.000000)
(-19.200000, 0.050000, -0.150000), (0.500000, 6.000000, 1.000000), (1.000000, 0.000000, 0.000000), (0.000000, 0.000000, 1.000000), (0.000000, 1.000000, 0.000000)
(13.300000, 0.050000, -31.288664), (0.500000, 6.000000, 1.000000), (1.000000, 0.000000, 0.000000), (0.000000, 0.000000, 1.000000), (0.000000, 1.000000, 0.000000)
(4.200000, 0.050000, -19.733810), (0.500000, 6.000000, 1.000000), (1.000000, 0.000000, 0.000000), (0.000000, 0.000000, 1.000000), (0.000000, 1.000000, 0.000000)
(19.800000, 0.050000, 26.853813), (0.500000, 6.000000, 1.000000), (1.000000, 0.000000, 0.000000), (0.000000, 0.000000, 1.000000), (0.000000, 1.000000, 0.000000)
(-28.300000, 0.050000, 6.693707), (0.500000, 6.000000, 1.000000), (1.000000, 0.000000, 0.000000), (0.000000, 0.000000, 1.000000), (0.000000, 1.000000, 0.000000)
(-3.600000, 0.050000, 19.359002), (0.500000, 6.000000, 1.000000), (1.000000, 0.000000, 0.000000), (0.000000, 0.000000, 1.000000), (0.000000, 1.000000, 0.000000)
(-28.300000, 0.050000, -6.893707), (0.500000, 6.000000, 1.000000), (1.000000, 0.000000, 0.000000), (0.000000, 0.000000, 1.000000), (0.000000, 1.000000, 0.000000)
(21.100000, 0.050000, -0.150000), (0.500000, 6.000000, 1.000000), (1.000000, 0.000000, 0.000000), (0.000000, 0.000000, 1.000000), (0.000000, 1.000000, 0.000000)
(-25.700000, 0.050000, -21.910856), (0.500000, 6.000000, 1.000000), (1.000000, 0.000000, 0.000000), (0.000000, 0.000000, 1.000000), (0.000000, 1.000000, 0.000000)
(10.700000, 0.050000, 6.134616), (0.500000, 6.000000, 1.000000), (1.000000, 0.000000, 0.000000), (0.000000, 0.000000, 1.000000), (0.000000, 1.000000, 0.000000)
(-10.100000, 0.050000, 31.588483), (0.500000, 6.000000, 1.000000), (1.000000, 0.000000, 0.000000), (0.000000, 0.000000, 1.000000), (0.000000, 1.000000, 0.000000)
(17.200000, 0.050000, -28.058770), (0.500000, 6.000000, 1.000000), (1.000000, 0.000000, 0.000000), (0.000000, 0.000000, 1.000000), (0.000000, 1.000000, 0.000000)
(-16.600000, 0.050000, 13.897619), (0.500000, 6.000000, 1.000000), (1.000000, 0.000000, 0.000000), (0.000000, 0.000000, 1.000000), (0.000000, 1.000000, 0.000000)
(-6.200000, 0.050000, -19.621391), (0.500000, 6.000000, 1.000000), (1.000000, 0.000000, 0.000000), (0.000000, 0.000000, 1.000000), (0.000000, 1.000000, 0.000000)
(2.900000, 0.050000, -32.839097), (0.500000, 6.000000, 1.000000), (1.000000, 0.000000, 0.000000), (0.000000, 0.000000, 1.000000), (0.000000, 1.000000, 0.000000)
(15.900000, 0.050000, 14.001362), (0.500000, 6.000000, 1.000000), (1.000000, 0.000000, 0.000000), (0.000000, 0.000000, 1.000000), (0.000000, 1.000000, 0.000000)
(2.900000, 0.050000, 6.327819), (0.500000, 6.000000, 1.000000), (1.000000, 0.000000, 0.000000), (0.000000, 0.000000, 1.000000), (0.000000, 1.000000, 0.000000)
(-12.700000, 0.050000, 18.541570), (0.500000, 6.000000, 1.000000), (1.000000, 0.000000, 0.000000), (0.000000, 0.000000, 1.000000), (0.000000, 1.000000, 0.000000)
cylinder, 40, 2.5, 151515151, 0.232776, 0.737158, 0.266948, 0.629497, 0.000163155, 0.607222, -0.767224, -0.262842, -0.733052, 55.216, 25.4798
(-18.645892, 0.036024, 5.754710), (0.500000, 6.000000, 1.000000), (0.935507, -0.300680, -0.185520), (0.191421, -0.009991, 0.981457), (0.296958, 0.953673, -0.048210)
(-7.220530, 0.661161, 32.474175), (0.500000, 6.000000, 1.000000), (-0.002352, -0.999934, -0.011215), (0.415844, -0.011177, 0.909367), (0.909433, 0.002525, -0.415843)
(27.613207, 0.097234, 17.463252), (0.500000, 6.000000, 1.000000), (-0.979229, 0.133117, 0.152942), (0.156142, 0.013879, 0.987637), (-0.129349, -0.991003, 0.034376)
(-26.500168, 0.548783, -13.044377), (0.500000, 6.000000, 1.000000), (0.021884, 0.999759, 0.001556), (-0.422779, 0.007844, 0.906199), (-0.905968, 0.020490, -0.422849)
(34.142548, 0.619382, -10.877510), (0.500000, 6.000000, 1.000000), (-0.038324, 0.999212, 0.010349), (-0.036913, -0.011765, 0.999249), (-0.998583, -0.037913, -0.037335)
(-22.192624, 0.188954, 31.332298), (0.500000, 6.000000, 1.000000), (0.602061, 0.002380, -0.798446), (0.798447, -0.004498, 0.602048), (0.002158, 0.999987, 0.004609)
(-4.544074, 0.547526, 1.537758), (0.500000, 6.000000, 1.000000), (0.096364, -0.995182, -0.018059), (0.143024, -0.004111, 0.989711), (0.985017, 0.097956, -0.141939)
(-33.524243, 0.189495, -3.562285), (0.500000, 6.000000, 1.000000), (-0.997694, -0.067863, -0.000635), (-0.000900, 0.003873, 0.999992), (0.067860, -0.997687, 0.003925)
(7.764220, -0.612556, 13.352703), (0.500000, 6.000000, 1.000000), (-0.091812, 0.995526, 0.022309), (0.221832, -0.001393, 0.975084), (-0.970753, -0.094473, 0.220712)
(20.781563, -0.029413, -25.995393), (0.500000, 6.000000, 1.000000), (0.847304, -0.361353, 0.389230), (-0.414236, 0.009032, 0.910125), (0.332392, 0.932385, 0.142033)
(-25.218295, 0.017157, 14.568209), (0.500000, 6.000000, 1.000000), (0.982949, -0.142150, -0.116639), (0.118491, 0.004603, 0.992944), (0.140610, 0.989834, -0.021368)
(-16.701823, -0.047153, 1.123162), (0.500000, 6.000000, 1.000000), (-0.978066, 0.075685, 0.194057), (0.195880, 0.017393, 0.980474), (-0.070832, -0.996980, 0.031837)
(-10.229486, 0.014190, 30.841593), (0.500000, 6.000000, 1.000000), (0.895302, 0.032018, -0.444307), (0.444310, 0.007404, 0.895843), (-0.031973, 0.999460, 0.007598)
(12.747045, -0.085896, 15.879699), (0.500000, 6.000000, 1.000000), (-0.966726, 0.091282, 0.238972), (0.240323, 0.003940, 0.970685), (-0.087665, -0.995817, 0.025746)
(10.456725, 0.070585, 29.860199), (0.500000, 6.000000, 1.000000), (-0.940655, -0.168729, 0.294447), (0.299553, -0.005059, 0.954066), (0.159489, -0.985649, -0.055302)
(21.319245, 0.006439, 5.218221), (0.500000, 6.000000, 1.000000), (-0.997315, 0.048577, 0.054793), (0.053093, -0.035637, 0.997953), (-0.050431, -0.998183, -0.032963)
(3.873989, 0.596242, 3.894049), (0.500000, 6.000000, 1.000000), (-0.053401, -0.998510, -0.011254), (0.110228, -0.017096, 0.993759), (0.992471, -0.051827, -0.110977)
(-14.671264, 0.053103, 32.472993), (0.500000, 6.000000, 1.000000), (-0.554041, -0.073367, 0.829250), (0.831349, 0.003363, 0.555741), (0.043562, -0.997299, -0.059131)
(-30.817769, -0.644836, -17.814657), (0.500000, 6.000000, 1.000000), (0.051261, 0.998023, 0.036360), (-0.508825, -0.005228, 0.860854), (-0.859342, 0.062629, -0.507552)
(-15.483449, 0.023339, 33.990244), (0.500000, 6.000000, 1.000000), (-0.514710, 0.189576, 0.836143), (0.852609, 0.010608, 0.522441), (-0.090173, -0.981809, 0.167094)
(-9.118018, -0.052278, 1.389946), (0.500000, 6.000000, 1.000000), (0.989629, 0.039397, -0.138137), (0.138804, -0.014709, 0.990211), (-0.036979, 0.999115, 0.020025)
(6.081452, 0.611232, -2.353236), (0.500000, 6.000000, 1.000000), (-0.043711, 0.999001, -0.009285), (0.046754, 0.011329, 0.998842), (-0.997950, -0.043226, 0.047203)
(-11.928455, 0.098031, 0.865917), (0.500000, 6.000000, 1.000000), (0.983331, 0.071628, -0.167122), (0.166796, 0.010562, 0.985935), (-0.072386, 0.997375, 0.001561)
(-0.981020, -0.000415, -22.066065), (0.500000, 6.000000, 1.000000), (0.108145, -0.057396, -0.992477), (-0.993951, -0.025460, -0.106834), (0.019136, -0.998027, 0.059802)
(5.358665, -0.024405, 32.391657), (0.500000, 6.000000, 1.000000), (-0.881369, -0.286873, 0.375357), (0.392722, -0.003262, 0.919652), (0.262599, -0.957963, -0.115536)
(33.312980, 0.025555, 19.206179), (0.500000, 6.000000, 1.000000), (0.889658, 0.008300, 0.456551), (-0.456616, 0.009407, 0.889614), (-0.003089, 0.999921, -0.012159)
(-1.577691, 0.566458, 4.900126), (0.500000, 6.000000, 1.000000), (-0.000314, 0.999996, -0.002631), (0.001106, 0.002632, 0.999996), (-0.999999, -0.000311, 0.001107)
(11.661080, -0.592067, 2.913131), (0.500000, 6.000000, 1.000000), (0.011862, -0.999923, 0.003697), (0.198621, 0.005980, 0.980058), (0.980005, 0.010891, -0.198676)
(-6.224762, -0.687775, 2.013789), (0.500000, 6.000000, 1.000000), (0.046236, -0.998914, 0.005732), (-0.084972, 0.001785, 0.996382), (0.995310, 0.046556, 0.084797)
(2.564304, 0.470946, -33.366032), (0.500000, 6.000000, 1.000000), (-0.058313, 0.998072, -0.021277), (-0.571585, -0.015906, 0.820389), (-0.818468, -0.060001, -0.571410)
(28.148971, 0.101691, 12.394854), (0.500000, 6.000000, 1.000000), (-0.985321, 0.091290, 0.144250), (0.144629, -0.002475, 0.989483), (-0.090687, -0.995821, 0.010765)
(-6.632325, -0.552529, -10.715331), (0.500000, 6.000000, 1.000000), (0.123085, 0.992295, -0.014181), (0.062769, 0.006477, 0.998007), (-0.990409, 0.123729, 0.061488)
(-5.770688, 0.596301, -18.208464), (0.500000, 6.000000, 1.000000), (-0.007326, 0.997120, 0.075488), (-0.993449, 0.001352, -0.114268), (0.114041, 0.075830, -0.990578)
(-9.952658, 0.484631, 15.006369), (0.500000, 6.000000, 1.000000), (0.035133, 0.999356, -0.007241), (0.428979, -0.008536, 0.903274), (-0.902631, 0.034841, 0.429002)
(-34.955079, -0.036900, -5.494908), (0.500000, 6.000000, 1.000000), (-0.949764, -0.312654, 0.014026), (0.010175, 0.013946, 0.999851), (0.312803, -0.949765, 0.010064)
