196, 1, 40.107
cylinder, 40, 3.5, 0, 1, 1, 1, 1, 1, 1, 0, 0, 0, 0, 0
(-23.100000, 0.050000, 12.651876), (0.500000, 6.000000, 1.500000), (1.000000, 0.000000, 0.000000), (0.000000, 0.000000, 1.000000), (0.000000, 1.000000, 0.000000)
(-17.900000, 0.050000, 27.530905), (0.500000, 6.000000, 1.500000), (1.000000, 0.000000, 0.000000), (0.000000, 0.000000, 1.000000), (0.000000, 1.000000, 0.000000)
(27.600000, 0.050000, -20.891425), (0.500000, 6.000000, 1.500000), (1.000000, 0.000000, 0.000000), (0.000000, 0.000000, 1.000000), (0.000000, 1.000000, 0.000000)
(-27.000000, 0.050000, -7.142542), (0.500000, 6.000000, 1.500000), (1.000000, 0.000000, 0.000000), (0.000000, 0.000000, 1.000000), (0.000000, 1.000000, 0.000000)
(26.300000, 0.050000, 21.402909), (0.500000, 6.000000, 1.500000), (1.000000, 0.000000, 0.000000), (0.000000, 0.000000, 1.000000), (0.000000, 1.000000, 0.000000)
(-37.400000, 0.050000, 6.595303), (0.500000, 6.000000, 1.500000), (1.000000, 0.000000, 0.000000), (0.000000, 0.000000, 1.000000), (0.000000, 1.000000, 0.000000)
(-11.400000, 0.050000, 31.329358), (0.500000, 6.000000, 1.500000), (1.000000, 0.000000, 0.000000), (0.000000, 0.000000, 1.000000), (0.000000, 1.000000, 0.000000)
(-29.600000, 0.050000, -19.662565), (0.500000, 6.000000, 1.500000), (1.000000, 0.000000, 0.000000), (0.000000, 0.000000, 1.000000), (0.000000, 1.000000, 0.000000)
(0.300000, 0.050000, 19.428089), (0.500000, 6.000000, 1.500000), (1.000000, 0.000000, 0.000000), (0.000000, 0.000000, 1.000000), (0.000000, 1.000000, 0.000000)
(19.800000, 0.050000, -13.651906), (0.500000, 6.000000, 1.500000), (1.000000, 0.000000, 0.000000), (0.000000, 0.000000, 1.000000), (0.000000, 1.000000, 0.000000)
(-28.300000, 0.050000, 20.281120), (0.500000, 6.000000, 1.500000), (1.000000, 0.000000, 0.000000), (0.000000, 0.000000, 1.000000), (0.000000, 1.000000, 0.000000)
(-16.600000, 0.050000, -14.197619), (0.500000, 6.000000, 1.500000), (1.000000, 0.000000, 0.000000), (0.000000, 0.000000, 1.000000), (0.000000, 1.000000, 0.000000)
(-24.400000, 0.050000, 24.814038), (0.500000, 6.000000, 1.500000), (1.000000, 0.000000, 0.000000), (0.000000, 0.000000, 1.000000), (0.000000, 1.000000, 0.000000)
(12.000000, 0.050000, 18.638958), (0.500000, 6.000000, 1.500000), (1.000000, 0.000000, 0.000000), (0.000000, 0.000000, 1.000000), (0.000000, 1.000000, 0.000000)
(8.100000, 0.050000, 31.922350), (0.500000, 6.000000, 1.500000), (1.000000, 0.000000, 0.000000), (0.000000, 0.000000, 1.000000), (0.000000, 1.000000, 0.000000)
(27.600000, 0.050000, 20.691425), (0.500000, 6.000000, 1.500000), (1.000000, 0.000000, 0.000000), (0.000000, 0.000000, 1.000000), (0.000000, 1.000000, 0.000000)
(6.800000, 0.050000, -6.659680), (0.500000, 6.000000, 1.500000), (1.000000, 0.000000, 0.000000), (0.000000, 0.000000, 1.000000), (0.000000, 1.000000, 0.000000)
(-27.000000, 0.050000, 21.027625), (0.500000, 6.000000, 1.500000), (1.000000, 0.000000, 0.000000), (0.000000, 0.000000, 1.000000), (0.000000, 1.000000, 0.000000)
(-37.400000, 0.050000, -6.595303), (0.500000, 6.000000, 1.500000), (1.000000, 0.000000, 0.000000), (0.000000, 0.000000, 1.000000), (0.000000, 1.000000, 0.000000)
(-29.600000, 0.050000, 19.462565), (0.500000, 6.000000, 1.500000), (1.000000, 0.000000, 0.000000), (0.000000, 0.000000, 1.000000), (0.000000, 1.000000, 0.000000)
(0.300000, 0.050000, 6.342696), (0.500000, 6.000000, 1.500000), (1.000000, 0.000000, 0.000000), (0.000000, 0.000000, 1.000000), (0.000000, 1.000000, 0.000000)
(19.800000, 0.050000, -0.150000), (0.500000, 6.000000, 1.500000), (1.000000, 0.000000, 0.000000), (0.000000, 0.000000, 1.000000), (0.000000, 1.000000, 0.000000)
(-7.500000, 0.050000, -32.407560), (0.500000, 6.000000, 1.500000), (1.000000, 0.000000, 0.000000), (0.000000, 0.000000, 1.000000), (0.000000, 1.000000, 0.000000)
(-4.900000, 0.050000, -19.699460), (0.500000, 6.000000, 1.500000), (1.000000, 0.000000, 0.000000), (0.000000, 0.000000, 1.000000), (0.000000, 1.000000, 0.000000)
(0.300000, 0.050000, 32.513482), (0.500000, 6.000000, 1.500000), (1.000000, 0.000000, 0.000000), (0.000000, 0.000000, 1.000000), (0.000000, 1.000000, 0.000000)
(35.400000, 0.050000, 8.074547), (0.500000, 6.000000, 1.500000), (1.000000, 0.000000, 0.000000), (0.000000, 0.000000, 1.000000), (0.000000, 1.000000, 0.000000)
(0.300000, 0.050000, -19.828089), (0.500000, 6.000000, 1.500000), (1.000000, 0.000000, 0.000000), (0.000000, 0.000000, 1.000000), (0.000000, 1.000000, 0.000000)
(8.100000, 0.050000, 19.073410), (0.500000, 6.000000, 1.500000), (1.000000, 0.000000, 0.000000), (0.000000, 0.000000, 1.000000), (0.000000, 1.000000, 0.000000)
(-2.300000, 0.050000, 6.333403), (0.500000, 6.000000, 1.500000), (1.000000, 0.000000, 0.000000), (0.000000, 0.000000, 1.000000), (0.000000, 1.000000, 0.000000)
(-1.000000, 0.050000, -32.905356), (0.500000, 6.000000, 1.500000), (1.000000, 0.000000, 0.000000), (0.000000, 0.000000, 1.000000), (0.000000, 1.000000, 0.000000)
(25.000000, 0.050000, 22.054994), (0.500000, 6.000000, 1.500000), (1.000000, 0.000000, 0.000000), (0.000000, 0.000000, 1.000000), (0.000000, 1.000000, 0.000000)
(-11.400000, 0.050000, 6.105872), (0.500000, 6.000000, 1.500000), (1.000000, 0.000000, 0.000000), (0.000000, 0.000000, 1.000000), (0.000000, 1.000000, 0.000000)
(5.500000, 0.050000, -19.665745), (0.500000, 6.000000, 1.500000), (1.000000, 0.000000, 0.000000), (0.000000, 0.000000, 1.000000), (0.000000, 1.000000, 0.000000)
(-10.100000, 0.050000, 18.873090), (0.500000, 6.000000, 1.500000), (1.000000, 0.000000, 0.000000), (0.000000, 0.000000, 1.000000), (0.000000, 1.000000, 0.000000)
(-36.100000, 0.050000, -7.609198), (0.500000, 6.000000, 1.500000), (1.000000, 0.000000, 0.000000), (0.000000, 0.000000, 1.000000), (0.000000, 1.000000, 0.000000)
(21.100000, 0.050000, -13.394067), (0.500000, 6.000000, 1.500000), (1.000000, 0.000000, 0.000000), (0.000000, 0.000000, 1.000000), (0.000000, 1.000000, 0.000000)
(-32.200000, 0.050000, 14.640496), (0.500000, 6.000000, 1.500000), (1.000000, 0.000000, 0.000000), (0.000000, 0.000000, 1.000000), (0.000000, 1.000000, 0.000000)
(6.800000, 0.050000, -32.498402), (0.500000, 6.000000, 1.500000), (1.000000, 0.000000, 0.000000), (0.000000, 0.000000, 1.000000), (0.000000, 1.000000, 0.000000)
(-30.900000, 0.050000, 6.120118), (0.500000, 6.000000, 1.500000), (1.000000, 0.000000, 0.000000), (0.000000, 0.000000, 1.000000), (0.000000, 1.000000, 0.000000)
(22.400000, 0.050000, -26.076470), (0.500000, 6.000000, 1.500000), (1.000000, 0.000000, 0.000000), (0.000000, 0.000000, 1.000000), (0.000000, 1.000000, 0.000000)
(36.700000, 0.050000, -7.169810), (0.500000, 6.000000, 1.500000), (1.000000, 0.000000, 0.000000), (0.000000, 0.000000, 1.000000), (0.000000, 1.000000, 0.000000)
(31.500000, 0.050000, 15.101293), (0.500000, 6.000000, 1.500000), (1.000000, 0.000000, 0.000000), (0.000000, 0.000000, 1.000000), (0.000000, 1.000000, 0.000000)
(27.600000, 0.050000, -7.030475), (0.500000, 6.000000, 1.500000), (1.000000, 0.000000, 0.000000), (0.000000, 0.000000, 1.000000), (0.000000, 1.000000, 0.000000)
(12.000000, 0.050000, -31.598263), (0.500000, 6.000000, 1.500000), (1.000000, 0.000000, 0.000000), (0.000000, 0.000000, 1.000000), (0.000000, 1.000000, 0.000000)
(-20.500000, 0.050000, 26.581659), (0.500000, 6.000000, 1.500000), (1.000000, 0.000000, 0.000000), (0.000000, 0.000000, 1.000000), (0.000000, 1.000000, 0.000000)
(32.800000, 0.050000, -14.322270), (0.500000, 6.000000, 1.500000), (1.000000, 0.000000, 0.000000), (0.000000, 0.000000, 1.000000), (0.000000, 1.000000, 0.000000)
(34.100000, 0.050000, -0.050000), (0.500000, 6.000000, 1.500000), (1.000000, 0.000000, 0.000000), (0.000000, 0.000000, 1.000000), (0.000000, 1.000000, 0.000000)
(6.800000, 0.050000, 6.259680), (0.500000, 6.000000, 1.500000), (1.000000, 0.000000, 0.000000), (0.000000, 0.000000, 1.000000), (0.000000, 1.000000, 0.000000)
(9.400000, 0.050000, 6.182831), (0.500000, 6.000000, 1.500000), (1.000000, 0.000000, 0.000000), (0.000000, 0.000000, 1.000000), (0.000000, 1.000000, 0.000000)
(5.500000, 0.050000, 19.265745), (0.500000, 6.000000, 1.500000), (1.000000, 0.000000, 0.000000), (0.000000, 0.000000, 1.000000), (0.000000, 1.000000, 0.000000)
(-15.300000, 0.050000, -28.622146), (0.500000, 6.000000, 1.500000), (1.000000, 0.000000, 0.000000), (0.000000, 0.000000, 1.000000), (0.000000, 1.000000, 0.000000)
(-16.600000, 0.050000, 27.945238), (0.500000, 6.000000, 1.500000), (1.000000, 0.000000, 0.000000), (0.000000, 0.000000, 1.000000), (0.000000, 1.000000, 0.000000)
(-38.700000, 0.050000, 0.050000), (0.500000, 6.000000, 1.500000), (1.000000, 0.000000, 0.000000), (0.000000, 0.000000, 1.000000), (0.000000, 1.000000, 0.000000)
(-6.200000, 0.050000, 32.168985), (0.500000, 6.000000, 1.500000), (1.000000, 0.000000, 0.000000), (0.000000, 0.000000, 1.000000), (0.000000, 1.000000, 0.000000)
(-33.500000, 0.050000, 13.703746), (0.500000, 6.000000, 1.500000), (1.000000, 0.000000, 0.000000), (0.000000, 0.000000, 1.000000), (0.000000, 1.000000, 0.000000)
(4.200000, 0.050000, 32.356349), (0.500000, 6.000000, 1.500000), (1.000000, 0.000000, 0.000000), (0.000000, 0.000000, 1.000000), (0.000000, 1.000000, 0.000000)
(-11.400000, 0.050000, -19.117615), (0.500000, 6.000000, 1.500000), (1.000000, 0.000000, 0.000000), (0.000000, 0.000000, 1.000000), (0.000000, 1.000000, 0.000000)
(-20.500000, 0.050000, 13.215830), (0.500000, 6.000000, 1.500000), (1.000000, 0.000000, 0.000000), (0.000000, 0.000000, 1.000000), (0.000000, 1.000000, 0.000000)
(1.600000, 0.050000, -32.891419), (0.500000, 6.000000, 1.500000), (1.000000, 0.000000, 0.000000), (0.000000, 0.000000, 1.000000), (0.000000, 1.000000, 0.000000)
(-7.500000, 0.050000, 19.124536), (0.500000, 6.000000, 1.500000), (1.000000, 0.000000, 0.000000), (0.000000, 0.000000, 1.000000), (0.000000, 1.000000, 0.000000)
(-17.900000, 0.050000, -0.150000), (0.500000, 6.000000, 1.500000), (1.000000, 0.000000, 0.000000), (0.000000, 0.000000, 1.000000), (0.000000, 1.000000, 0.000000)
(-23.100000, 0.050000, -0.150000), (0.500000, 6.000000, 1.500000), (1.000000, 0.000000, 0.000000), (0.000000, 0.000000, 1.000000), (0.000000, 1.000000, 0.000000)
(10.700000, 0.050000, 31.473082), (0.500000, 6.000000, 1.500000), (1.000000, 0.000000, 0.000000), (0.000000, 0.000000, 1.000000), (0.000000, 1.000000, 0.000000)
(17.200000, 0.050000, 27.758770), (0.500000, 6.000000, 1.500000), (1.000000, 0.000000, 0.000000), (0.000000, 0.000000, 1.000000), (0.000000, 1.000000, 0.000000)
(22.400000, 0.050000, 12.813235), (0.500000, 6.000000, 1.500000), (1.000000, 0.000000, 0.000000), (0.000000, 0.000000, 1.000000), (0.000000, 1.000000, 0.000000)
(28.900000, 0.050000, -20.112902), (0.500000, 6.000000, 1.500000), (1.000000, 0.000000, 0.000000), (0.000000, 0.000000, 1.000000), (0.000000, 1.000000, 0.000000)
(-15.300000, 0.050000, -0.150000), (0.500000, 6.000000, 1.500000), (1.000000, 0.000000, 0.000000), (0.000000, 0.000000, 1.000000), (0.000000, 1.000000, 0.000000)
(30.200000, 0.050000, -6.485798), (0.500000, 6.000000, 1.500000), (1.000000, 0.000000, 0.000000), (0.000000, 0.000000, 1.000000), (0.000000, 1.000000, 0.000000)
(-17.900000, 0.050000, 13.690452), (0.500000, 6.000000, 1.500000), (1.000000, 0.000000, 0.000000), (0.000000, 0.000000, 1.000000), (0.000000, 1.000000, 0.000000)
(17.200000, 0.050000, 13.804385), (0.500000, 6.000000, 1.500000), (1.000000, 0.000000, 0.000000), (0.000000, 0.000000, 1.000000), (0.000000, 1.000000, 0.000000)
(-19.200000, 0.050000, -27.377160), (0.500000, 6.000000, 1.500000), (1.000000, 0.000000, 0.000000), (0.000000, 0.000000, 1.000000), (0.000000, 1.000000, 0.000000)
(-2.300000, 0.050000, -32.867014), (0.500000, 6.000000, 1.500000), (1.000000, 0.000000, 0.000000), (0.000000, 0.000000, 1.000000), (0.000000, 1.000000, 0.000000)
(-7.500000, 0.050000, -19.524536), (0.500000, 6.000000, 1.500000), (1.000000, 0.000000, 0.000000), (0.000000, 0.000000, 1.000000), (0.000000, 1.000000, 0.000000)
(14.600000, 0.050000, -14.480100), (0.500000, 6.000000, 1.500000), (1.000000, 0.000000, 0.000000), (0.000000, 0.000000, 1.000000), (0.000000, 1.000000, 0.000000)
(-7.500000, 0.050000, 32.007560), (0.500000, 6.000000, 1.500000), (1.000000, 0.000000, 0.000000), (0.000000, 0.000000, 1.000000), (0.000000, 1.000000, 0.000000)
(-3.600000, 0.050000, -19.759002), (0.500000, 6.000000, 1.500000), (1.000000, 0.000000, 0.000000), (0.000000, 0.000000, 1.000000), (0.000000, 1.000000, 0.000000)
(-32.200000, 0.050000, -0.050000), (0.500000, 6.000000, 1.500000), (1.000000, 0.000000, 0.000000), (0.000000, 0.000000, 1.000000), (0.000000, 1.000000, 0.000000)
(19.800000, 0.050000, -27.153813), (0.500000, 6.000000, 1.500000), (1.000000, 0.000000, 0.000000), (0.000000, 0.000000, 1.000000), (0.000000, 1.000000, 0.000000)
(1.600000, 0.050000, -6.738284), (0.500000, 6.000000, 1.500000), (1.000000, 0.000000, 0.000000), (0.000000, 0.000000, 1.000000), (0.000000, 1.000000, 0.000000)
(26.300000, 0.050000, -7.267636), (0.500000, 6.000000, 1.500000), (1.000000, 0.000000, 0.000000), (0.000000, 0.000000, 1.000000), (0.000000, 1.000000, 0.000000)
(-3.600000, 0.050000, 6.319667), (0.500000, 6.000000, 1.500000), (1.000000, 0.000000, 0.000000), (0.000000, 0.000000, 1.000000), (0.000000, 1.000000, 0.000000)
(-14.000000, 0.050000, -31.107134), (0.500000, 6.000000, 1.500000), (1.000000, 0.000000, 0.000000), (0.000000, 0.000000, 1.000000), (0.000000, 1.000000, 0.000000)
(28.900000, 0.050000, 6.570967), (0.500000, 6.000000, 1.500000), (1.000000, 0.000000, 0.000000), (0.000000, 0.000000, 1.000000), (0.000000, 1.000000, 0.000000)
(18.500000, 0.050000, 27.326514), (0.500000, 6.000000, 1.500000), (1.000000, 0.000000, 0.000000), (0.000000, 0.000000, 1.000000), (0.000000, 1.000000, 0.000000)
(35.400000, 0.050000, -8.074547), (0.500000, 6.000000, 1.500000), (1.000000, 0.000000, 0.000000), (0.000000, 0.000000, 1.000000), (0.000000, 1.000000, 0.000000)
(-8.800000, 0.050000, -19.408569), (0.500000, 6.000000, 1.500000), (1.000000, 0.000000, 0.000000), (0.000000, 0.000000, 1.000000), (0.000000, 1.000000, 0.000000)
(22.400000, 0.050000, 25.776470), (0.500000, 6.000000, 1.500000), (1.000000, 0.000000, 0.000000), (0.000000, 0.000000, 1.000000), (0.000000, 1.000000, 0.000000)
(-25.700000, 0.050000, 21.710856), (0.500000, 6.000000, 1.500000), (1.000000, 0.000000, 0.000000), (0.000000, 0.000000, 1.000000), (0.000000, 1.000000, 0.000000)
(-12.700000, 0.050000, 31.035951), (0.500000, 6.000000, 1.500000), (1.000000, 0.000000, 0.000000), (0.000000, 0.000000, 1.000000), (0.000000, 1.000000, 0.000000)
(-25.700000, 0.050000, -7.370285), (0.500000, 6.000000, 1.500000), (1.000000, 0.000000, 0.000000), (0.000000, 0.000000, 1.000000), (0.000000, 1.000000, 0.000000)
(26.300000, 0.050000, -21.602909), (0.500000, 6.000000, 1.500000), (1.000000, 0.000000, 0.000000), (0.000000, 0.000000, 1.000000), (0.000000, 1.000000, 0.000000)
(10.700000, 0.050000, -6.534616), (0.500000, 6.000000, 1.500000), (1.000000, 0.000000, 0.000000), (0.000000, 0.000000, 1.000000), (0.000000, 1.000000, 0.000000)
(-27.000000, 0.050000, 6.942542), (0.500000, 6.000000, 1.500000), (1.000000, 0.000000, 0.000000), (0.000000, 0.000000, 1.000000), (0.000000, 1.000000, 0.000000)
(-15.300000, 0.050000, 28.322146), (0.500000, 6.000000, 1.500000), (1.000000, 0.000000, 0.000000), (0.000000, 0.000000, 1.000000), (0.000000, 1.000000, 0.000000)
(12.000000, 0.050000, 6.079653), (0.500000, 6.000000, 1.500000), (1.000000, 0.000000, 0.000000), (0.000000, 0.000000, 1.000000), (0.000000, 1.000000, 0.000000)
(-4.900000, 0.050000, -32.699100), (0.500000, 6.000000, 1.500000), (1.000000, 0.000000, 0.000000), (0.000000, 0.000000, 1.000000), (0.000000, 1.000000, 0.000000)
(-33.500000, 0.050000, -0.050000), (0.500000, 6.000000, 1.500000), (1.000000, 0.000000, 0.000000), (0.000000, 0.000000, 1.000000), (0.000000, 1.000000, 0.000000)
(38.000000, 0.050000, 0.050000), (0.500000, 6.000000, 1.500000), (1.000000, 0.000000, 0.000000), (0.000000, 0.000000, 1.000000), (0.000000, 1.000000, 0.000000)
(26.300000, 0.050000, 7.067636), (0.500000, 6.000000, 1.500000), (1.000000, 0.000000, 0.000000), (0.000000, 0.000000, 1.000000), (0.000000, 1.000000, 0.000000)
(36.700000, 0.050000, 7.169810), (0.500000, 6.000000, 1.500000), (1.000000, 0.000000, 0.000000), (0.000000, 0.000000, 1.000000), (0.000000, 1.000000, 0.000000)
(-33.500000, 0.050000, -13.803746), (0.500000, 6.000000, 1.500000), (1.000000, 0.000000, 0.000000), (0.000000, 0.000000, 1.000000), (0.000000, 1.000000, 0.000000)
(-8.800000, 0.050000, 19.008569), (0.500000, 6.000000, 1.500000), (1.000000, 0.000000, 0.000000), (0.000000, 0.000000, 1.000000), (0.000000, 1.000000, 0.000000)
(-16.600000, 0.050000, -0.150000), (0.500000, 6.000000, 1.500000), (1.000000, 0.000000, 0.000000), (0.000000, 0.000000, 1.000000), (0.000000, 1.000000, 0.000000)
(5.500000, 0.050000, -6.688582), (0.500000, 6.000000, 1.500000), (1.000000, 0.000000, 0.000000), (0.000000, 0.000000, 1.000000), (0.000000, 1.000000, 0.000000)
(-21.800000, 0.050000, -13.245814), (0.500000, 6.000000, 1.500000), (1.000000, 0.000000, 0.000000), (0.000000, 0.000000, 1.000000), (0.000000, 1.000000, 0.000000)
(-2.300000, 0.050000, -6.733403), (0.500000, 6.000000, 1.500000), (1.000000, 0.000000, 0.000000), (0.000000, 0.000000, 1.000000), (0.000000, 1.000000, 0.000000)
(31.500000, 0.050000, -15.201293), (0.500000, 6.000000, 1.500000), (1.000000, 0.000000, 0.000000), (0.000000, 0.000000, 1.000000), (0.000000, 1.000000, 0.000000)
(31.500000, 0.050000, -0.050000), (0.500000, 6.000000, 1.500000), (1.000000, 0.000000, 0.000000), (0.000000, 0.000000, 1.000000), (0.000000, 1.000000, 0.000000)
(10.700000, 0.050000, -19.203849), (0.500000, 6.000000, 1.500000), (1.000000, 0.000000, 0.000000), (0.000000, 0.000000, 1.000000), (0.000000, 1.000000, 0.000000)
(-4.900000, 0.050000, 32.299100), (0.500000, 6.000000, 1.500000), (1.000000, 0.000000, 0.000000), (0.000000, 0.000000, 1.000000), (0.000000, 1.000000, 0.000000)
(13.300000, 0.050000, 6.017733), (0.500000, 6.000000, 1.500000), (1.000000, 0.000000, 0.000000), (0.000000, 0.000000, 1.000000), (0.000000, 1.000000, 0.000000)
(-6.200000, 0.050000, 6.273797), (0.500000, 6.000000, 1.500000), (1.000000, 0.000000, 0.000000), (0.000000, 0.000000, 1.000000), (0.000000, 1.000000, 0.000000)
(-12.700000, 0.050000, 6.047190), (0.500000, 6.000000, 1.500000), (1.000000, 0.000000, 0.000000), (0.000000, 0.000000, 1.000000), (0.000000, 1.000000, 0.000000)
(-34.800000, 0.050000, -12.736034), (0.500000, 6.000000, 1.500000), (1.000000, 0.000000, 0.000000), (0.000000, 0.000000, 1.000000), (0.000000, 1.000000, 0.000000)
(-34.800000, 0.050000, 12.636034), (0.500000, 6.000000, 1.500000), (1.000000, 0.000000, 0.000000), (0.000000, 0.000000, 1.000000), (0.000000, 1.000000, 0.000000)
(6.800000, 0.050000, 19.179041), (0.500000, 6.000000, 1.500000), (1.000000, 0.000000, 0.000000), (0.000000, 0.000000, 1.000000), (0.000000, 1.000000, 0.000000)
(14.600000, 0.050000, 28.510201), (0.500000, 6.000000, 1.500000), (1.000000, 0.000000, 0.000000), (0.000000, 0.000000, 1.000000), (0.000000, 1.000000, 0.000000)
(-25.700000, 0.050000, 7.170285), (0.500000, 6.000000, 1.500000), (1.000000, 0.000000, 0.000000), (0.000000, 0.000000, 1.000000), (0.000000, 1.000000, 0.000000)
(28.900000, 0.050000, -6.770967), (0.500000, 6.000000, 1.500000), (1.000000, 0.000000, 0.000000), (0.000000, 0.000000, 1.000000), (0.000000, 1.000000, 0.000000)
(-8.800000, 0.050000, -32.214282), (0.500000, 6.000000, 1.500000), (1.000000, 0.000000, 0.000000), (0.000000, 0.000000, 1.000000), (0.000000, 1.000000, 0.000000)
(1.600000, 0.050000, 19.414852), (0.500000, 6.000000, 1.500000), (1.000000, 0.000000, 0.000000), (0.000000, 0.000000, 1.000000), (0.000000, 1.000000, 0.000000)
(-23.100000, 0.050000, -25.753752), (0.500000, 6.000000, 1.500000), (1.000000, 0.000000, 0.000000), (0.000000, 0.000000, 1.000000), (0.000000, 1.000000, 0.000000)
(-1.000000, 0.050000, 19.423213), (0.500000, 6.000000, 1.500000), (1.000000, 0.000000, 0.000000), (0.000000, 0.000000, 1.000000), (0.000000, 1.000000, 0.000000)
(15.900000, 0.050000, -28.452725), (0.500000, 6.000000, 1.500000), (1.000000, 0.000000, 0.000000), (0.000000, 0.000000, 1.000000), (0.000000, 1.000000, 0.000000)
(32.800000, 0.050000, -0.050000), (0.500000, 6.000000, 1.500000), (1.000000, 0.000000, 0.000000), (0.000000, 0.000000, 1.000000), (0.000000, 1.000000, 0.000000)
(30.200000, 0.050000, 19.057395), (0.500000, 6.000000, 1.500000), (1.000000, 0.000000, 0.000000), (0.000000, 0.000000, 1.000000), (0.000000, 1.000000, 0.000000)
(15.900000, 0.050000, -0.150000), (0.500000, 6.000000, 1.500000), (1.000000, 0.000000, 0.000000), (0.000000, 0.000000, 1.000000), (0.000000, 1.000000, 0.000000)
(-3.600000, 0.050000, -6.719667), (0.500000, 6.000000, 1.500000), (1.000000, 0.000000, 0.000000), (0.000000, 0.000000, 1.000000), (0.000000, 1.000000, 0.000000)
(22.400000, 0.050000, -0.150000), (0.500000, 6.000000, 1.500000), (1.000000, 0.000000, 0.000000), (0.000000, 0.000000, 1.000000), (0.000000, 1.000000, 0.000000)
(18.500000, 0.050000, -13.888257), (0.500000, 6.000000, 1.500000), (1.000000, 0.000000, 0.000000), (0.000000, 0.000000, 1.000000), (0.000000, 1.000000, 0.000000)
(2.900000, 0.050000, -6.727819), (0.500000, 6.000000, 1.500000), (1.000000, 0.000000, 0.000000), (0.000000, 0.000000, 1.000000), (0.000000, 1.000000, 0.000000)
(-2.300000, 0.050000, 32.467014), (0.500000, 6.000000, 1.500000), (1.000000, 0.000000, 0.000000), (0.000000, 0.000000, 1.000000), (0.000000, 1.000000, 0.000000)
(18.500000, 0.050000, -27.626514), (0.500000, 6.000000, 1.500000), (1.000000, 0.000000, 0.000000), (0.000000, 0.000000, 1.000000), (0.000000, 1.000000, 0.000000)
(-4.900000, 0.050000, -6.699820), (0.500000, 6.000000, 1.500000), (1.000000, 0.000000, 0.000000), (0.000000, 0.000000, 1.000000), (0.000000, 1.000000, 0.000000)
(27.600000, 0.050000, 6.830475), (0.500000, 6.000000, 1.500000), (1.000000, 0.000000, 0.000000), (0.000000, 0.000000, 1.000000), (0.000000, 1.000000, 0.000000)
(25.000000, 0.050000, -22.254994), (0.500000, 6.000000, 1.500000), (1.000000, 0.000000, 0.000000), (0.000000, 0.000000, 1.000000), (0.000000, 1.000000, 0.000000)
(-15.300000, 0.050000, 14.086073), (0.500000, 6.000000, 1.500000), (1.000000, 0.000000, 0.000000), (0.000000, 0.000000, 1.000000), (0.000000, 1.000000, 0.000000)
(14.600000, 0.050000, -0.150000), (0.500000, 6.000000, 1.500000), (1.000000, 0.000000, 0.000000), (0.000000, 0.000000, 1.000000), (0.000000, 1.000000, 0.000000)
(-29.600000, 0.050000, 6.420855), (0.500000, 6.000000, 1.500000), (1.000000, 0.000000, 0.000000), (0.000000, 0.000000, 1.000000), (0.000000, 1.000000, 0.000000)
(5.500000, 0.050000, 32.242908), (0.500000, 6.000000, 1.500000), (1.000000, 0.000000, 0.000000), (0.000000, 0.000000, 1.000000), (0.000000, 1.000000, 0.000000)
(25.000000, 0.050000, 7.284998), (0.500000, 6.000000, 1.500000), (1.000000, 0.000000, 0.000000), (0.000000, 0.000000, 1.000000), (0.000000, 1.000000, 0.000000)
(23.700000, 0.050000, 25.165212), (0.500000, 6.000000, 1.500000), (1.000000, 0.000000, 0.000000), (0.000000, 0.000000, 1.000000), (0.000000, 1.000000, 0.000000)
(32.800000, 0.050000, 14.222270), (0.500000, 6.000000, 1.500000), (1.000000, 0.000000, 0.000000), (0.000000, 0.000000, 1.000000), (0.000000, 1.000000, 0.000000)
(25.000000, 0.050000, -7.484998), (0.500000, 6.000000, 1.500000), (1.000000, 0.000000, 0.000000), (0.000000, 0.000000, 1.000000), (0.000000, 1.000000, 0.000000)
(-14.000000, 0.050000, 30.707134), (0.500000, 6.000000, 1.500000), (1.000000, 0.000000, 0.000000), (0.000000, 0.000000, 1.000000), (0.000000, 1.000000, 0.000000)
(0.300000, 0.050000, -32.913482), (0.500000, 6.000000, 1.500000), (1.000000, 0.000000, 0.000000), (0.000000, 0.000000, 1.000000), (0.000000, 1.000000, 0.000000)
(-7.500000, 0.050000, 6.241512), (0.500000, 6.000000, 1.500000), (1.000000, 0.000000, 0.000000), (0.000000, 0.000000, 1.000000), (0.000000, 1.000000, 0.000000)
(34.100000, 0.050000, 13.229544), (0.500000, 6.000000, 1.500000), (1.000000, 0.000000, 0.000000), (0.000000, 0.000000, 1.000000), (0.000000, 1.000000, 0.000000)
(-3.600000, 0.050000, -32.798336), (0.500000, 6.000000, 1.500000), (1.000000, 0.000000, 0.000000), (0.000000, 0.000000, 1.000000), (0.000000, 1.000000, 0.000000)
(-28.300000, 0.050000, -20.481120), (0.500000, 6.000000, 1.500000), (1.000000, 0.000000, 0.000000), (0.000000, 0.000000, 1.000000), (0.000000, 1.000000, 0.000000)
(4.200000, 0.050000, 6.311270), (0.500000, 6.000000, 1.500000), (1.000000, 0.000000, 0.000000), (0.000000, 0.000000, 1.000000), (0.000000, 1.000000, 0.000000)
(-30.900000, 0.050000, 18.560354), (0.500000, 6.000000, 1.500000), (1.000000, 0.000000, 0.000000), (0.000000, 0.000000, 1.000000), (0.000000, 1.000000, 0.000000)
(-23.100000, 0.050000, 25.453752), (0.500000, 6.000000, 1.500000), (1.000000, 0.000000, 0.000000), (0.000000, 0.000000, 1.000000), (0.000000, 1.000000, 0.000000)
(34.100000, 0.050000, -13.329544), (0.500000, 6.000000, 1.500000), (1.000000, 0.000000, 0.000000), (0.000000, 0.000000, 1.000000), (0.000000, 1.000000, 0.000000)
(4.200000, 0.050000, 19.333810), (0.500000, 6.000000, 1.500000), (1.000000, 0.000000, 0.000000), (0.000000, 0.000000, 1.000000), (0.000000, 1.000000, 0.000000)
(-24.400000, 0.050000, -0.150000), (0.500000, 6.000000, 1.500000), (1.000000, 0.000000, 0.000000), (0.000000, 0.000000, 1.000000), (0.000000, 1.000000, 0.000000)
(-12.700000, 0.050000, -6.447190), (0.500000, 6.000000, 1.500000), (1.000000, 0.000000, 0.000000), (0.000000, 0.000000, 1.000000), (0.000000, 1.000000, 0.000000)
(30.200000, 0.050000, 6.285798), (0.500000, 6.000000, 1.500000), (1.000000, 0.000000, 0.000000), (0.000000, 0.000000, 1.000000), (0.000000, 1.000000, 0.000000)
(-32.200000, 0.050000, -14.740496), (0.500000, 6.000000, 1.500000), (1.000000, 0.000000, 0.000000), (0.000000, 0.000000, 1.000000), (0.000000, 1.000000, 0.000000)
(-12.700000, 0.050000, -31.435951), (0.500000, 6.000000, 1.500000), (1.000000, 0.000000, 0.000000), (0.000000, 0.000000, 1.000000), (0.000000, 1.000000, 0.000000)
(-10.100000, 0.050000, -19.273090), (0.500000, 6.000000, 1.500000), (1.000000, 0.000000, 0.000000), (0.000000, 0.000000, 1.000000), (0.000000, 1.000000, 0.000000)
(-11.400000, 0.050000, -31.729358), (0.500000, 6.000000, 1.500000), (1.000000, 0.000000, 0.000000), (0.000000, 0.000000, 1.000000), (0.000000, 1.000000, 0.000000)
(-30.900000, 0.050000, -18.760354), (0.500000, 6.000000, 1.500000), (1.000000, 0.000000, 0.000000), (0.000000, 0.000000, 1.000000), (0.000000, 1.000000, 0.000000)
(-19.200000, 0.050000, 13.463580), (0.500000, 6.000000, 1.500000), (1.000000, 0.000000, 0.000000), (0.000000, 0.000000, 1.000000), (0.000000, 1.000000, 0.000000)
(13.300000, 0.050000, 30.888664), (0.500000, 6.000000, 1.500000), (1.000000, 0.000000, 0.000000), (0.000000, 0.000000, 1.000000), (0.000000, 1.000000, 0.000000)
(2.900000, 0.050000, 32.439097), (0.500000, 6.000000, 1.500000), (1.000000, 0.000000, 0.000000), (0.000000, 0.000000, 1.000000), (0.000000, 1.000000, 0.000000)
(6.800000, 0.050000, 32.098402), (0.500000, 6.000000, 1.500000), (1.000000, 0.000000, 0.000000), (0.000000, 0.000000, 1.000000), (0.000000, 1.000000, 0.000000)
(8.100000, 0.050000, -19.473410), (0.500000, 6.000000, 1.500000), (1.000000, 0.000000, 0.000000), (0.000000, 0.000000, 1.000000), (0.000000, 1.000000, 0.000000)
(-4.900000, 0.050000, 19.299460), (0.500000, 6.000000, 1.500000), (1.000000, 0.000000, 0.000000), (0.000000, 0.000000, 1.000000), (0.000000, 1.000000, 0.000000)
(15.900000, 0.050000, 28.152725), (0.500000, 6.000000, 1.500000), (1.000000, 0.000000, 0.000000), (0.000000, 0.000000, 1.000000), (0.000000, 1.000000, 0.000000)
(6.800000, 0.050000, -19.579041), (0.500000, 6.000000, 1.500000), (1.000000, 0.000000, 0.000000), (0.000000, 0.000000, 1.000000), (0.000000, 1.000000, 0.000000)
(-1.000000, 0.050000, -19.823213), (0.500000, 6.000000, 1.500000), (1.000000, 0.000000, 0.000000), (0.000000, 0.000000, 1.000000), (0.000000, 1.000000, 0.000000)
(-11.400000, 0.050000, -6.505872), (0.500000, 6.000000, 1.500000), (1.000000, 0.000000, 0.000000), (0.000000, 0.000000, 1.000000), (0.000000, 1.000000, 0.000000)
(-6.200000, 0.050000, -6.673797), (0.500000, 6.000000, 1.500000), (1.000000, 0.000000, 0.000000), (0.000000, 0.000000, 1.000000), (0.000000, 1.000000, 0.000000)
(-24.400000, 0.050000, -12.632019), (0.500000, 6.000000, 1.500000), (1.000000, 0.000000, 0.000000), (0.000000, 0.000000, 1.000000), (0.000000, 1.000000, 0.000000)
(-21.800000, 0.050000, 12.945814), (0.500000, 6.000000, 1.500000), (1.000000, 0.000000, 0.000000), (0.000000, 0.000000, 1.000000), (0.000000, 1.000000, 0.000000)
(21.100000, 0.050000, 13.094067), (0.500000, 6.000000, 1.500000), (1.000000, 0.000000, 0.000000), (0.000000, 0.000000, 1.000000), (0.000000, 1.000000, 0.000000)
(-10.100000, 0.050000, 6.157697), (0.500000, 6.000000, 1.500000), (1.000000, 0.000000, 0.000000), (0.000000, 0.000000, 1.000000), (0.000000, 1.000000, 0.000000)
(23.700000, 0.050000, -0.150000), (0.500000, 6.000000, 1.500000), (1.000000, 0.000000, 0.000000), (0.000000, 0.000000, 1.000000), (0.000000, 1.000000, 0.000000)
(-30.900000, 0.050000, -6.320118), (0.500000, 6.000000, 1.500000), (1.000000, 0.000000, 0.000000), (0.000000, 0.000000, 1.000000), (0.000000, 1.000000, 0.000000)
(1.600000, 0.050000, -19.814852), (0.500000, 6.000000, 1.500000), (1.000000, 0.000000, 0.000000), (0.000000, 0.000000, 1.000000), (0.000000, 1.000000, 0.000000)
(15.900000, 0.050000, -14.301362), (0.500000, 6.000000, 1.500000), (1.000000, 0.000000, 0.000000), (0.000000, 0.000000, 1.000000), (0.000000, 1.000000, 0.000000)
(-8.800000, 0.050000, -6.602856), (0.500000, 6.000000, 1.500000), (1.000000, 0.000000, 0.000000), (0.000000, 0.000000, 1.000000), (0.000000, 1.000000, 0.000000)
(-10.100000, 0.050000, -6.557697), (0.500000, 6.000000, 1.500000), (1.000000, 0.000000, 0.000000), (0.000000, 0.000000, 1.000000), (0.000000, 1.000000, 0.000000)
(10.700000, 0.050000, -31.873082), (0.500000, 6.000000, 1.500000), (1.000000, 0.000000, 0.000000), (0.000000, 0.000000, 1.000000), (0.000000, 1.000000, 0.000000)
(-20.500000, 0.050000, -13.515830), (0.500000, 6.000000, 1.500000), (1.000000, 0.000000, 0.000000), (0.000000, 0.000000, 1.000000), (0.000000, 1.000000, 0.000000)
(-29.600000, 0.050000, -6.620855), (0.500000, 6.000000, 1.500000), (1.000000, 0.000000, 0.000000), (0.000000, 0.000000, 1.000000), (0.000000, 1.000000, 0.000000)
(-16.600000, 0.050000, -28.245238), (0.500000, 6.000000, 1.500000), (1.000000, 0.000000, 0.000000), (0.000000, 0.000000, 1.000000), (0.000000, 1.000000, 0.000000)
(12.000000, 0.050000, 31.198263), (0.500000, 6.000000, 1.500000), (1.000000, 0.000000, 0.000000), (0.000000, 0.000000, 1.000000), (0.000000, 1.000000, 0.000000)
(-36.100000, 0.050000, 7.609198), (0.500000, 6.000000, 1.500000), (1.000000, 0.000000, 0.000000), (0.000000, 0.000000, 1.000000), (0.000000, 1.000000, 0.000000)
(-27.000000, 0.050000, -21.227625), (0.500000, 6.000000, 1.500000), (1.000000, 0.000000, 0.000000), (0.000000, 0.000000, 1.000000), (0.000000, 1.000000, 0.000000)
(23.700000, 0.050000, -25.465212), (0.500000, 6.000000, 1.500000), (1.000000, 0.000000, 0.000000), (0.000000, 0.000000, 1.000000), (0.000000, 1.000000, 0.000000)
(-19.200000, 0.050000, -0.150000), (0.500000, 6.000000, 1.500000), (1.000000, 0.000000, 0.000000), (0.000000, 0.000000, 1.000000), (0.000000, 1.000000, 0.000000)
(13.300000, 0.050000, -31.288664), (0.500000, 6.000000, 1.500000), (1.000000, 0.000000, 0.000000), (0.000000, 0.000000, 1.000000), (0.000000, 1.000000, 0.000000)
(4.200000, 0.050000, -19.733810), (0.500000, 6.000000, 1.500000), (1.000000, 0.000000, 0.000000), (0.000000, 0.000000, 1.000000), (0.000000, 1.000000, 0.000000)
(19.800000, 0.050000, 26.853813), (0.500000, 6.000000, 1.500000), (1.000000, 0.000000, 0.000000), (0.000000, 0.000000, 1.000000), (0.000000, 1.000000, 0.000000)
cylinder, 40, 3.5, 200000000, 0.311338, 0.799453, 0.206116, 0.593522, 0.0470803, 0.676304, -0.688662, -0.200547, -0.793884, 61.6732, 30.4271
(-28.072785, -0.698891, 23.100594), (0.500000, 6.000000, 1.500000), (0.043094, 0.998068, -0.044747), (0.476139, 0.018858, 0.879168), (-0.878314, 0.059192, 0.474406)
(-26.792342, -1.029485, 16.881038), (0.500000, 6.000000, 1.500000), (-0.032439, 0.999344, 0.016110), (0.466799, 0.000896, 0.884363), (-0.883769, -0.036208, 0.466521)
(34.788459, -0.044708, 0.514362), (0.500000, 6.000000, 1.500000), (-0.964231, -0.053085, 0.259695), (0.261125, -0.021955, 0.965055), (0.045528, -0.998349, -0.035031)
(-18.492130, -1.015037, -27.628824), (0.500000, 6.000000, 1.500000), (0.067398, -0.997104, -0.035223), (0.476995, 0.001195, 0.878905), (0.876318, 0.076038, -0.475695)
(21.372480, 0.078433, 7.519534), (0.500000, 6.000000, 1.500000), (0.897437, -0.078346, -0.434129), (0.436870, 0.021211, 0.899275), (0.061246, 0.996701, -0.053263)
(-36.036741, -0.680925, -1.726726), (0.500000, 6.000000, 1.500000), (0.073577, 0.997002, -0.023944), (0.019964, 0.022532, 0.999547), (-0.997090, 0.074022, 0.018246)
(3.118047, -0.206281, 18.111528), (0.500000, 6.000000, 1.500000), (0.060300, 0.985878, -0.156233), (0.091478, 0.150401, 0.984384), (-0.993980, 0.073651, 0.081117)
(-5.887465, 0.077630, 3.037605), (0.500000, 6.000000, 1.500000), (-0.840738, -0.101525, 0.531839), (0.536172, -0.019400, 0.843886), (0.075358, -0.994644, -0.070745)
(11.097067, -0.606838, 13.879816), (0.500000, 6.000000, 1.500000), (-0.073968, 0.995808, 0.053806), (-0.988769, -0.080257, 0.126072), (-0.129862, 0.043876, -0.990561)
(-8.038833, -0.024236, -23.812225), (0.500000, 6.000000, 1.500000), (-0.436701, 0.248138, -0.864708), (0.895008, 0.022769, -0.445469), (0.090849, 0.968457, 0.232029)
(-25.760580, 1.132070, 0.922242), (0.500000, 6.000000, 1.500000), (0.019213, 0.999782, -0.008161), (0.803453, -0.010581, 0.595274), (-0.595058, 0.017995, 0.803482)
(-27.070335, 0.104589, -10.855221), (0.500000, 6.000000, 1.500000), (-0.999286, 0.028476, 0.024818), (0.024483, -0.012073, 0.999627), (-0.028765, -0.999522, -0.011367)
(-19.224779, 0.059304, -3.155696), (0.500000, 6.000000, 1.500000), (0.738316, 0.109864, -0.665446), (0.668730, 0.009027, 0.743450), (-0.087686, 0.993906, 0.066805)
(-0.176947, -0.874096, 21.208735), (0.500000, 6.000000, 1.500000), (-0.064048, -0.997544, 0.028355), (0.375141, 0.002262, 0.926965), (0.924752, -0.070007, -0.374075)
(9.469160, -0.783213, 32.254345), (0.500000, 6.000000, 1.500000), (-0.142105, -0.988801, 0.045603), (0.379965, -0.011949, 0.924924), (0.914020, -0.148764, -0.377407)
(30.445700, 0.567945, 14.059882), (0.500000, 6.000000, 1.500000), (-0.107765, -0.992898, -0.050394), (-0.481575, 0.007788, 0.876371), (0.869754, -0.118711, 0.478994)
(7.061771, 0.018588, -18.627962), (0.500000, 6.000000, 1.500000), (0.905434, -0.182516, -0.383246), (0.390656, 0.005074, 0.920523), (0.166065, 0.983190, -0.075895)
(-25.400106, 1.220600, 20.200696), (0.500000, 6.000000, 1.500000), (0.007895, -0.999968, -0.001048), (0.489307, 0.002950, 0.872107), (0.872076, 0.007398, -0.489315)
(-31.702153, -0.625044, 2.379402), (0.500000, 6.000000, 1.500000), (0.032867, -0.998395, -0.046112), (0.013476, -0.045690, 0.998865), (0.999369, 0.033451, -0.011952)
(-14.698862, 0.022412, 31.407336), (0.500000, 6.000000, 1.500000), (0.977308, 0.051244, -0.205529), (0.204951, 0.016347, 0.978636), (-0.053509, 0.998552, -0.005474)
(0.211498, -0.888128, 7.905426), (0.500000, 6.000000, 1.500000), (0.010048, -0.999921, -0.007512), (-0.189708, -0.009282, 0.981797), (0.981789, 0.008440, 0.189786)
(18.561717, -0.112828, 8.270204), (0.500000, 6.000000, 1.500000), (0.974354, 0.093262, -0.204783), (0.206664, -0.010883, 0.978351), (-0.089014, 0.995582, 0.029878)
(-16.134624, -0.187662, -27.943078), (0.500000, 6.000000, 1.500000), (0.870642, 0.026414, -0.491208), (0.491218, 0.006554, 0.871012), (-0.026227, 0.999630, 0.007269)
(-4.142327, -0.042374, -13.217688), (0.500000, 6.000000, 1.500000), (-0.800497, 0.097649, 0.591328), (0.595101, 0.012409, 0.803555), (-0.071128, -0.995144, 0.068044)
(-3.315911, 0.134488, 33.577848), (0.500000, 6.000000, 1.500000), (-0.900022, -0.059318, 0.431789), (0.432450, 0.001851, 0.901656), (0.054284, -0.998237, -0.023986)
(38.475121, -0.001596, -3.740652), (0.500000, 6.000000, 1.500000), (0.971577, 0.217117, -0.094328), (0.097474, -0.003802, 0.995231), (-0.215722, 0.976138, 0.024858)
(-1.918335, 0.122861, -12.732422), (0.500000, 6.000000, 1.500000), (0.805430, -0.101995, -0.583849), (0.587551, 0.007951, 0.809148), (0.077887, 0.994753, -0.066332)
(11.223333, -1.010185, 17.217364), (0.500000, 6.000000, 1.500000), (-0.003270, -0.998693, -0.051010), (-0.993272, -0.002661, 0.115776), (0.115760, -0.051045, 0.991965)
(9.552561, -0.666900, 7.063865), (0.500000, 6.000000, 1.500000), (-0.008013, -0.996193, -0.086808), (-0.982656, -0.008239, 0.185255), (0.185265, -0.086787, 0.978849)
(-7.042043, 0.921985, -32.061599), (0.500000, 6.000000, 1.500000), (0.070196, 0.995548, -0.062909), (0.406121, 0.029080, 0.913357), (-0.911119, 0.089663, 0.402271)
(14.961509, -0.004380, -9.257211), (0.500000, 6.000000, 1.500000), (0.864943, -0.121991, -0.486818), (0.488292, -0.019552, 0.872461), (0.115951, 0.992339, -0.042656)
(-8.149395, -0.090439, 21.922229), (0.500000, 6.000000, 1.500000), (-0.902756, -0.099623, 0.418458), (0.418943, 0.017012, 0.907853), (0.097562, -0.994880, -0.026379)
(5.364860, -0.060391, -14.652724), (0.500000, 6.000000, 1.500000), (-0.826792, -0.057825, 0.559528), (0.559651, 0.015576, 0.828582), (0.056627, -0.998205, -0.019484)
(-13.192109, 0.613784, 21.644819), (0.500000, 6.000000, 1.500000), (0.175930, -0.975098, -0.135024), (0.461413, -0.039480, 0.886306), (0.869567, 0.218230, -0.442978)
(-26.941367, 0.951231, -24.405964), (0.500000, 6.000000, 1.500000), (0.027314, -0.999618, -0.004108), (-0.697298, -0.021997, 0.716444), (0.716261, 0.016705, 0.697633)
(23.076338, 0.958826, -10.535789), (0.500000, 6.000000, 1.500000), (-0.009546, -0.999226, 0.038150), (0.113377, 0.036824, 0.992869), (0.993506, -0.013803, -0.112938)
(-38.366838, 0.143211, 4.164905), (0.500000, 6.000000, 1.500000), (0.990408, -0.083257, -0.110272), (0.110646, -0.000119, 0.993860), (0.082759, 0.996528, -0.009094)
(16.642673, -0.938989, -32.168546), (0.500000, 6.000000, 1.500000), (0.050651, -0.998710, 0.003710), (0.696130, 0.037968, 0.716911), (0.716127, 0.033730, -0.697155)
(-21.560790, 0.919624, 31.020896), (0.500000, 6.000000, 1.500000), (-0.064832, -0.997072, 0.040553), (0.817669, -0.029783, 0.574918), (0.572026, -0.070432, -0.817206)
(16.397035, 0.621131, -32.219812), (0.500000, 6.000000, 1.500000), (0.026113, -0.998053, 0.056641), (0.693240, 0.058902, 0.718295), (0.720233, -0.020509, -0.693429)
(28.643802, 0.001728, 25.918308), (0.500000, 6.000000, 1.500000), (0.716478, -0.146299, 0.682097), (-0.686940, 0.022396, 0.726369), (0.121543, 0.988987, 0.084453)
(21.074773, -0.023042, -4.750713), (0.500000, 6.000000, 1.500000), (0.891401, 0.103671, -0.441200), (0.441682, 0.019512, 0.896960), (-0.101597, 0.994420, 0.028396)
(20.865435, 0.034326, -30.856868), (0.500000, 6.000000, 1.500000), (0.730144, 0.010638, -0.683211), (0.683220, -0.026077, 0.729747), (0.010053, 0.999603, 0.026308)
(0.420567, -0.137601, -31.441384), (0.500000, 6.000000, 1.500000), (-0.894551, -0.227646, 0.384650), (0.396328, -0.006121, 0.918088), (0.206645, -0.973725, -0.095698)
(-19.046401, -0.128869, 22.043392), (0.500000, 6.000000, 1.500000), (0.918411, -0.046272, -0.392913), (0.392843, -0.010989, 0.919540), (0.046866, 0.998868, -0.008085)
(30.510002, -0.803592, -10.757867), (0.500000, 6.000000, 1.500000), (-0.096690, 0.992554, 0.074082), (0.370993, -0.033127, 0.928045), (-0.923588, -0.117217, 0.365028)
(36.189854, 0.053749, 13.623727), (0.500000, 6.000000, 1.500000), (0.934856, 0.079683, 0.345969), (-0.346199, -0.011355, 0.938092), (-0.078678, 0.996756, -0.016970)
(10.676080, -0.847390, 10.704149), (0.500000, 6.000000, 1.500000), (0.053868, -0.998099, -0.029938), (-0.990724, -0.057168, 0.123281), (0.124758, -0.023019, 0.991920)
(5.088849, 0.455154, 10.055367), (0.500000, 6.000000, 1.500000), (-0.072973, 0.993384, -0.088670), (-0.916451, -0.031716, 0.398889), (-0.393438, -0.110369, -0.912702)
