188, 1, 24.9343
cylinder, 40, 6, 0, 1, 1, 1, 1, 1, 1, 0, 0, 0, 0, 0
(-23.100000, 0.000000, -0.050000), (0.500000, 10.000000, 1.000000), (1.000000, 0.000000, 0.000000), (0.000000, 0.000000, 1.000000), (0.000000, 1.000000, 0.000000)
(-17.900000, 0.000000, 22.660679), (0.500000, 10.000000, 1.000000), (1.000000, 0.000000, 0.000000), (0.000000, 0.000000, 1.000000), (0.000000, 1.000000, 0.000000)
(27.600000, 0.000000, -12.850792), (0.500000, 10.000000, 1.000000), (1.000000, 0.000000, 0.000000), (0.000000, 0.000000, 1.000000), (0.000000, 1.000000, 0.000000)
(-27.000000, 0.000000, -13.037570), (0.500000, 10.000000, 1.000000), (1.000000, 0.000000, 0.000000), (0.000000, 0.000000, 1.000000), (0.000000, 1.000000, 0.000000)
(26.300000, 2.000000, 13.246061), (0.500000, 10.000000, 1.000000), (1.000000, 0.000000, 0.000000), (0.000000, 0.000000, 1.000000), (0.000000, 1.000000, 0.000000)
(-37.400000, -2.000000, 0.050000), (0.500000, 10.000000, 1.000000), (1.000000, 0.000000, 0.000000), (0.000000, 0.000000, 1.000000), (0.000000, 1.000000, 0.000000)
(-11.400000, -2.000000, 23.945550), (0.500000, 10.000000, 1.000000), (1.000000, 0.000000, 0.000000), (0.000000, 0.000000, 1.000000), (0.000000, 1.000000, 0.000000)
(-29.600000, 0.000000, -12.168092), (0.500000, 10.000000, 1.000000), (1.000000, 0.000000, 0.000000), (0.000000, 0.000000, 1.000000), (0.000000, 1.000000, 0.000000)
(0.300000, 0.000000, 24.774437), (0.500000, 10.000000, 1.000000), (1.000000, 0.000000, 0.000000), (0.000000, 0.000000, 1.000000), (0.000000, 1.000000, 0.000000)
(19.800000, 2.000000, -22.252859), (0.500000, 10.000000, 1.000000), (1.000000, 0.000000, 0.000000), (0.000000, 0.000000, 1.000000), (0.000000, 1.000000, 0.000000)
(-28.300000, -2.000000, 12.622845), (0.500000, 10.000000, 1.000000), (1.000000, 0.000000, 0.000000), (0.000000, 0.000000, 1.000000), (0.000000, 1.000000, 0.000000)
(-16.600000, 0.000000, -23.071428), (0.500000, 10.000000, 1.000000), (1.000000, 0.000000, 0.000000), (0.000000, 0.000000, 1.000000), (0.000000, 1.000000, 0.000000)
(-24.400000, -2.000000, 20.623028), (0.500000, 10.000000, 1.000000), (1.000000, 0.000000, 0.000000), (0.000000, 0.000000, 1.000000), (0.000000, 1.000000, 0.000000)
(12.000000, -2.000000, 23.853784), (0.500000, 10.000000, 1.000000), (1.000000, 0.000000, 0.000000), (0.000000, 0.000000, 1.000000), (0.000000, 1.000000, 0.000000)
(8.100000, 2.000000, 24.360645), (0.500000, 10.000000, 1.000000), (1.000000, 0.000000, 0.000000), (0.000000, 0.000000, 1.000000), (0.000000, 1.000000, 0.000000)
(27.600000, 2.000000, 12.850792), (0.500000, 10.000000, 1.000000), (1.000000, 0.000000, 0.000000), (0.000000, 0.000000, 1.000000), (0.000000, 1.000000, 0.000000)
(6.800000, 0.000000, -0.050000), (0.500000, 10.000000, 1.000000), (1.000000, 0.000000, 0.000000), (0.000000, 0.000000, 1.000000), (0.000000, 1.000000, 0.000000)
(-27.000000, -2.000000, 13.037570), (0.500000, 10.000000, 1.000000), (1.000000, 0.000000, 0.000000), (0.000000, 0.000000, 1.000000), (0.000000, 1.000000, 0.000000)
(-29.600000, -2.000000, 12.168092), (0.500000, 10.000000, 1.000000), (1.000000, 0.000000, 0.000000), (0.000000, 0.000000, 1.000000), (0.000000, 1.000000, 0.000000)
(0.300000, 0.000000, -0.050000), (0.500000, 10.000000, 1.000000), (1.000000, 0.000000, 0.000000), (0.000000, 0.000000, 1.000000), (0.000000, 1.000000, 0.000000)
(19.800000, -2.000000, -0.050000), (0.500000, 10.000000, 1.000000), (1.000000, 0.000000, 0.000000), (0.000000, 0.000000, 1.000000), (0.000000, 1.000000, 0.000000)
(-7.500000, -2.000000, -24.520292), (0.500000, 10.000000, 1.000000), (1.000000, 0.000000, 0.000000), (0.000000, 0.000000, 1.000000), (0.000000, 1.000000, 0.000000)
(-4.900000, 2.000000, -24.724370), (0.500000, 10.000000, 1.000000), (1.000000, 0.000000, 0.000000), (0.000000, 0.000000, 1.000000), (0.000000, 1.000000, 0.000000)
(35.400000, 2.000000, 0.050000), (0.500000, 10.000000, 1.000000), (1.000000, 0.000000, 0.000000), (0.000000, 0.000000, 1.000000), (0.000000, 1.000000, 0.000000)
(0.300000, -2.000000, -24.874437), (0.500000, 10.000000, 1.000000), (1.000000, 0.000000, 0.000000), (0.000000, 0.000000, 1.000000), (0.000000, 1.000000, 0.000000)
(-2.300000, 0.000000, -0.050000), (0.500000, 10.000000, 1.000000), (1.000000, 0.000000, 0.000000), (0.000000, 0.000000, 1.000000), (0.000000, 1.000000, 0.000000)
(-1.000000, 2.000000, -24.868749), (0.500000, 10.000000, 1.000000), (1.000000, 0.000000, 0.000000), (0.000000, 0.000000, 1.000000), (0.000000, 1.000000, 0.000000)
(25.000000, -2.000000, 20.387495), (0.500000, 10.000000, 1.000000), (1.000000, 0.000000, 0.000000), (0.000000, 0.000000, 1.000000), (0.000000, 1.000000, 0.000000)
(-11.400000, 2.000000, -0.050000), (0.500000, 10.000000, 1.000000), (1.000000, 0.000000, 0.000000), (0.000000, 0.000000, 1.000000), (0.000000, 1.000000, 0.000000)
(5.500000, 2.000000, -24.685035), (0.500000, 10.000000, 1.000000), (1.000000, 0.000000, 0.000000), (0.000000, 0.000000, 1.000000), (0.000000, 1.000000, 0.000000)
(-10.100000, 2.000000, 24.126938), (0.500000, 10.000000, 1.000000), (1.000000, 0.000000, 0.000000), (0.000000, 0.000000, 1.000000), (0.000000, 1.000000, 0.000000)
(-36.100000, 0.000000, 0.050000), (0.500000, 10.000000, 1.000000), (1.000000, 0.000000, 0.000000), (0.000000, 0.000000, 1.000000), (0.000000, 1.000000, 0.000000)
(21.100000, 2.000000, -21.866101), (0.500000, 10.000000, 1.000000), (1.000000, 0.000000, 0.000000), (0.000000, 0.000000, 1.000000), (0.000000, 1.000000, 0.000000)
(-32.200000, -2.000000, 11.110331), (0.500000, 10.000000, 1.000000), (1.000000, 0.000000, 0.000000), (0.000000, 0.000000, 1.000000), (0.000000, 1.000000, 0.000000)
(6.800000, 2.000000, -24.583881), (0.500000, 10.000000, 1.000000), (1.000000, 0.000000, 0.000000), (0.000000, 0.000000, 1.000000), (0.000000, 1.000000, 0.000000)
(-30.900000, -2.000000, 11.666864), (0.500000, 10.000000, 1.000000), (1.000000, 0.000000, 0.000000), (0.000000, 0.000000, 1.000000), (0.000000, 1.000000, 0.000000)
(22.400000, 0.000000, -21.444852), (0.500000, 10.000000, 1.000000), (1.000000, 0.000000, 0.000000), (0.000000, 0.000000, 1.000000), (0.000000, 1.000000, 0.000000)
(36.700000, 0.000000, 0.050000), (0.500000, 10.000000, 1.000000), (1.000000, 0.000000, 0.000000), (0.000000, 0.000000, 1.000000), (0.000000, 1.000000, 0.000000)
(31.500000, 0.000000, 11.417529), (0.500000, 10.000000, 1.000000), (1.000000, 0.000000, 0.000000), (0.000000, 0.000000, 1.000000), (0.000000, 1.000000, 0.000000)
(12.000000, 2.000000, -23.953784), (0.500000, 10.000000, 1.000000), (1.000000, 0.000000, 0.000000), (0.000000, 0.000000, 1.000000), (0.000000, 1.000000, 0.000000)
(-20.500000, 2.000000, 21.948744), (0.500000, 10.000000, 1.000000), (1.000000, 0.000000, 0.000000), (0.000000, 0.000000, 1.000000), (0.000000, 1.000000, 0.000000)
(32.800000, 2.000000, -10.831514), (0.500000, 10.000000, 1.000000), (1.000000, 0.000000, 0.000000), (0.000000, 0.000000, 1.000000), (0.000000, 1.000000, 0.000000)
(34.100000, 0.000000, 0.050000), (0.500000, 10.000000, 1.000000), (1.000000, 0.000000, 0.000000), (0.000000, 0.000000, 1.000000), (0.000000, 1.000000, 0.000000)
(9.400000, -2.000000, -0.050000), (0.500000, 10.000000, 1.000000), (1.000000, 0.000000, 0.000000), (0.000000, 0.000000, 1.000000), (0.000000, 1.000000, 0.000000)
(5.500000, -2.000000, 24.585035), (0.500000, 10.000000, 1.000000), (1.000000, 0.000000, 0.000000), (0.000000, 0.000000, 1.000000), (0.000000, 1.000000, 0.000000)
(-15.300000, 2.000000, -23.354110), (0.500000, 10.000000, 1.000000), (1.000000, 0.000000, 0.000000), (0.000000, 0.000000, 1.000000), (0.000000, 1.000000, 0.000000)
(-16.600000, 2.000000, 22.971428), (0.500000, 10.000000, 1.000000), (1.000000, 0.000000, 0.000000), (0.000000, 0.000000, 1.000000), (0.000000, 1.000000, 0.000000)
(18.500000, -2.000000, -0.050000), (0.500000, 10.000000, 1.000000), (1.000000, 0.000000, 0.000000), (0.000000, 0.000000, 1.000000), (0.000000, 1.000000, 0.000000)
(13.300000, -2.000000, 23.637065), (0.500000, 10.000000, 1.000000), (1.000000, 0.000000, 0.000000), (0.000000, 0.000000, 1.000000), (0.000000, 1.000000, 0.000000)
(-24.400000, -2.000000, -0.050000), (0.500000, 10.000000, 1.000000), (1.000000, 0.000000, 0.000000), (0.000000, 0.000000, 1.000000), (0.000000, 1.000000, 0.000000)
(27.600000, -2.000000, 12.850792), (0.500000, 10.000000, 1.000000), (1.000000, 0.000000, 0.000000), (0.000000, 0.000000, 1.000000), (0.000000, 1.000000, 0.000000)
(18.500000, 2.000000, 22.507386), (0.500000, 10.000000, 1.000000), (1.000000, 0.000000, 0.000000), (0.000000, 0.000000, 1.000000), (0.000000, 1.000000, 0.000000)
(-33.500000, 0.000000, -10.485831), (0.500000, 10.000000, 1.000000), (1.000000, 0.000000, 0.000000), (0.000000, 0.000000, 1.000000), (0.000000, 1.000000, 0.000000)
(-17.900000, 2.000000, -0.050000), (0.500000, 10.000000, 1.000000), (1.000000, 0.000000, 0.000000), (0.000000, 0.000000, 1.000000), (0.000000, 1.000000, 0.000000)
(-19.200000, 0.000000, 22.320370), (0.500000, 10.000000, 1.000000), (1.000000, 0.000000, 0.000000), (0.000000, 0.000000, 1.000000), (0.000000, 1.000000, 0.000000)
(-8.800000, -2.000000, -0.050000), (0.500000, 10.000000, 1.000000), (1.000000, 0.000000, 0.000000), (0.000000, 0.000000, 1.000000), (0.000000, 1.000000, 0.000000)
(-4.900000, -2.000000, -24.724370), (0.500000, 10.000000, 1.000000), (1.000000, 0.000000, 0.000000), (0.000000, 0.000000, 1.000000), (0.000000, 1.000000, 0.000000)
(1.600000, 2.000000, -24.858994), (0.500000, 10.000000, 1.000000), (1.000000, 0.000000, 0.000000), (0.000000, 0.000000, 1.000000), (0.000000, 1.000000, 0.000000)
(32.800000, -2.000000, -10.831514), (0.500000, 10.000000, 1.000000), (1.000000, 0.000000, 0.000000), (0.000000, 0.000000, 1.000000), (0.000000, 1.000000, 0.000000)
(-17.900000, -2.000000, -22.760679), (0.500000, 10.000000, 1.000000), (1.000000, 0.000000, 0.000000), (0.000000, 0.000000, 1.000000), (0.000000, 1.000000, 0.000000)
(-23.100000, 2.000000, 21.102814), (0.500000, 10.000000, 1.000000), (1.000000, 0.000000, 0.000000), (0.000000, 0.000000, 1.000000), (0.000000, 1.000000, 0.000000)
(-2.300000, -2.000000, 24.741910), (0.500000, 10.000000, 1.000000), (1.000000, 0.000000, 0.000000), (0.000000, 0.000000, 1.000000), (0.000000, 1.000000, 0.000000)
(9.400000, 2.000000, -24.314907), (0.500000, 10.000000, 1.000000), (1.000000, 0.000000, 0.000000), (0.000000, 0.000000, 1.000000), (0.000000, 1.000000, 0.000000)
(12.000000, 2.000000, 23.853784), (0.500000, 10.000000, 1.000000), (1.000000, 0.000000, 0.000000), (0.000000, 0.000000, 1.000000), (0.000000, 1.000000, 0.000000)
(-4.900000, -2.000000, 24.624370), (0.500000, 10.000000, 1.000000), (1.000000, 0.000000, 0.000000), (0.000000, 0.000000, 1.000000), (0.000000, 1.000000, 0.000000)
(-1.000000, 2.000000, -0.050000), (0.500000, 10.000000, 1.000000), (1.000000, 0.000000, 0.000000), (0.000000, 0.000000, 1.000000), (0.000000, 1.000000, 0.000000)
(1.600000, 2.000000, -0.050000), (0.500000, 10.000000, 1.000000), (1.000000, 0.000000, 0.000000), (0.000000, 0.000000, 1.000000), (0.000000, 1.000000, 0.000000)
(23.700000, 2.000000, -20.986409), (0.500000, 10.000000, 1.000000), (1.000000, 0.000000, 0.000000), (0.000000, 0.000000, 1.000000), (0.000000, 1.000000, 0.000000)
(-29.600000, 2.000000, 12.168092), (0.500000, 10.000000, 1.000000), (1.000000, 0.000000, 0.000000), (0.000000, 0.000000, 1.000000), (0.000000, 1.000000, 0.000000)
(-10.100000, 2.000000, -0.050000), (0.500000, 10.000000, 1.000000), (1.000000, 0.000000, 0.000000), (0.000000, 0.000000, 1.000000), (0.000000, 1.000000, 0.000000)
(25.000000, 0.000000, -0.050000), (0.500000, 10.000000, 1.000000), (1.000000, 0.000000, 0.000000), (0.000000, 0.000000, 1.000000), (0.000000, 1.000000, 0.000000)
(12.000000, 0.000000, -0.050000), (0.500000, 10.000000, 1.000000), (1.000000, 0.000000, 0.000000), (0.000000, 0.000000, 1.000000), (0.000000, 1.000000, 0.000000)
(1.600000, -2.000000, -24.858994), (0.500000, 10.000000, 1.000000), (1.000000, 0.000000, 0.000000), (0.000000, 0.000000, 1.000000), (0.000000, 1.000000, 0.000000)
(13.300000, 2.000000, -0.050000), (0.500000, 10.000000, 1.000000), (1.000000, 0.000000, 0.000000), (0.000000, 0.000000, 1.000000), (0.000000, 1.000000, 0.000000)
(38.000000, -2.000000, 0.050000), (0.500000, 10.000000, 1.000000), (1.000000, 0.000000, 0.000000), (0.000000, 0.000000, 1.000000), (0.000000, 1.000000, 0.000000)
(22.400000, -2.000000, -0.050000), (0.500000, 10.000000, 1.000000), (1.000000, 0.000000, 0.000000), (0.000000, 0.000000, 1.000000), (0.000000, 1.000000, 0.000000)
(-16.600000, -2.000000, 22.971428), (0.500000, 10.000000, 1.000000), (1.000000, 0.000000, 0.000000), (0.000000, 0.000000, 1.000000), (0.000000, 1.000000, 0.000000)
(18.500000, 0.000000, -22.607386), (0.500000, 10.000000, 1.000000), (1.000000, 0.000000, 0.000000), (0.000000, 0.000000, 1.000000), (0.000000, 1.000000, 0.000000)
(-14.000000, 0.000000, 23.509994), (0.500000, 10.000000, 1.000000), (1.000000, 0.000000, 0.000000), (0.000000, 0.000000, 1.000000), (0.000000, 1.000000, 0.000000)
(-23.100000, -2.000000, 21.102814), (0.500000, 10.000000, 1.000000), (1.000000, 0.000000, 0.000000), (0.000000, 0.000000, 1.000000), (0.000000, 1.000000, 0.000000)
(-32.200000, 0.000000, -11.110331), (0.500000, 10.000000, 1.000000), (1.000000, 0.000000, 0.000000), (0.000000, 0.000000, 1.000000), (0.000000, 1.000000, 0.000000)
(-16.600000, 0.000000, -0.050000), (0.500000, 10.000000, 1.000000), (1.000000, 0.000000, 0.000000), (0.000000, 0.000000, 1.000000), (0.000000, 1.000000, 0.000000)
(-12.700000, 2.000000, -23.840165), (0.500000, 10.000000, 1.000000), (1.000000, 0.000000, 0.000000), (0.000000, 0.000000, 1.000000), (0.000000, 1.000000, 0.000000)
(14.600000, 2.000000, 23.395150), (0.500000, 10.000000, 1.000000), (1.000000, 0.000000, 0.000000), (0.000000, 0.000000, 1.000000), (0.000000, 1.000000, 0.000000)
(-19.200000, 0.000000, -22.420370), (0.500000, 10.000000, 1.000000), (1.000000, 0.000000, 0.000000), (0.000000, 0.000000, 1.000000), (0.000000, 1.000000, 0.000000)
(17.200000, 2.000000, 22.831578), (0.500000, 10.000000, 1.000000), (1.000000, 0.000000, 0.000000), (0.000000, 0.000000, 1.000000), (0.000000, 1.000000, 0.000000)
(-34.800000, 0.000000, 0.050000), (0.500000, 10.000000, 1.000000), (1.000000, 0.000000, 0.000000), (0.000000, 0.000000, 1.000000), (0.000000, 1.000000, 0.000000)
(10.700000, 0.000000, -24.146157), (0.500000, 10.000000, 1.000000), (1.000000, 0.000000, 0.000000), (0.000000, 0.000000, 1.000000), (0.000000, 1.000000, 0.000000)
(23.700000, -2.000000, -0.050000), (0.500000, 10.000000, 1.000000), (1.000000, 0.000000, 0.000000), (0.000000, 0.000000, 1.000000), (0.000000, 1.000000, 0.000000)
(-20.500000, 0.000000, -0.050000), (0.500000, 10.000000, 1.000000), (1.000000, 0.000000, 0.000000), (0.000000, 0.000000, 1.000000), (0.000000, 1.000000, 0.000000)
(5.500000, 2.000000, -0.050000), (0.500000, 10.000000, 1.000000), (1.000000, 0.000000, 0.000000), (0.000000, 0.000000, 1.000000), (0.000000, 1.000000, 0.000000)
(-21.800000, 2.000000, -21.643721), (0.500000, 10.000000, 1.000000), (1.000000, 0.000000, 0.000000), (0.000000, 0.000000, 1.000000), (0.000000, 1.000000, 0.000000)
(-15.300000, -2.000000, -23.354110), (0.500000, 10.000000, 1.000000), (1.000000, 0.000000, 0.000000), (0.000000, 0.000000, 1.000000), (0.000000, 1.000000, 0.000000)
(31.500000, 0.000000, -11.417529), (0.500000, 10.000000, 1.000000), (1.000000, 0.000000, 0.000000), (0.000000, 0.000000, 1.000000), (0.000000, 1.000000, 0.000000)
(-6.200000, -2.000000, -0.050000), (0.500000, 10.000000, 1.000000), (1.000000, 0.000000, 0.000000), (0.000000, 0.000000, 1.000000), (0.000000, 1.000000, 0.000000)
(-12.700000, 2.000000, -0.050000), (0.500000, 10.000000, 1.000000), (1.000000, 0.000000, 0.000000), (0.000000, 0.000000, 1.000000), (0.000000, 1.000000, 0.000000)
(6.800000, 2.000000, 24.483881), (0.500000, 10.000000, 1.000000), (1.000000, 0.000000, 0.000000), (0.000000, 0.000000, 1.000000), (0.000000, 1.000000, 0.000000)
(-8.800000, -2.000000, -24.384997), (0.500000, 10.000000, 1.000000), (1.000000, 0.000000, 0.000000), (0.000000, 0.000000, 1.000000), (0.000000, 1.000000, 0.000000)
(-33.500000, -2.000000, 10.485831), (0.500000, 10.000000, 1.000000), (1.000000, 0.000000, 0.000000), (0.000000, 0.000000, 1.000000), (0.000000, 1.000000, 0.000000)
(-25.700000, 2.000000, 13.417142), (0.500000, 10.000000, 1.000000), (1.000000, 0.000000, 0.000000), (0.000000, 0.000000, 1.000000), (0.000000, 1.000000, 0.000000)
(-37.400000, 2.000000, 0.050000), (0.500000, 10.000000, 1.000000), (1.000000, 0.000000, 0.000000), (0.000000, 0.000000, 1.000000), (0.000000, 1.000000, 0.000000)
(28.900000, 2.000000, -12.418279), (0.500000, 10.000000, 1.000000), (1.000000, 0.000000, 0.000000), (0.000000, 0.000000, 1.000000), (0.000000, 1.000000, 0.000000)
(-27.000000, 2.000000, 13.037570), (0.500000, 10.000000, 1.000000), (1.000000, 0.000000, 0.000000), (0.000000, 0.000000, 1.000000), (0.000000, 1.000000, 0.000000)
(1.600000, -2.000000, 24.758994), (0.500000, 10.000000, 1.000000), (1.000000, 0.000000, 0.000000), (0.000000, 0.000000, 1.000000), (0.000000, 1.000000, 0.000000)
(-7.500000, 2.000000, -24.520292), (0.500000, 10.000000, 1.000000), (1.000000, 0.000000, 0.000000), (0.000000, 0.000000, 1.000000), (0.000000, 1.000000, 0.000000)
(-23.100000, -2.000000, -21.202814), (0.500000, 10.000000, 1.000000), (1.000000, 0.000000, 0.000000), (0.000000, 0.000000, 1.000000), (0.000000, 1.000000, 0.000000)
(-1.000000, 0.000000, 24.768749), (0.500000, 10.000000, 1.000000), (1.000000, 0.000000, 0.000000), (0.000000, 0.000000, 1.000000), (0.000000, 1.000000, 0.000000)
(15.900000, 0.000000, -23.227043), (0.500000, 10.000000, 1.000000), (1.000000, 0.000000, 0.000000), (0.000000, 0.000000, 1.000000), (0.000000, 1.000000, 0.000000)
(-15.300000, 2.000000, 23.254110), (0.500000, 10.000000, 1.000000), (1.000000, 0.000000, 0.000000), (0.000000, 0.000000, 1.000000), (0.000000, 1.000000, 0.000000)
(30.200000, -2.000000, 11.942997), (0.500000, 10.000000, 1.000000), (1.000000, 0.000000, 0.000000), (0.000000, 0.000000, 1.000000), (0.000000, 1.000000, 0.000000)
(-8.800000, 0.000000, 24.284997), (0.500000, 10.000000, 1.000000), (1.000000, 0.000000, 0.000000), (0.000000, 0.000000, 1.000000), (0.000000, 1.000000, 0.000000)
(15.900000, 0.000000, -0.050000), (0.500000, 10.000000, 1.000000), (1.000000, 0.000000, 0.000000), (0.000000, 0.000000, 1.000000), (0.000000, 1.000000, 0.000000)
(-3.600000, -2.000000, -0.050000), (0.500000, 10.000000, 1.000000), (1.000000, 0.000000, 0.000000), (0.000000, 0.000000, 1.000000), (0.000000, 1.000000, 0.000000)
(-7.500000, 2.000000, 24.420292), (0.500000, 10.000000, 1.000000), (1.000000, 0.000000, 0.000000), (0.000000, 0.000000, 1.000000), (0.000000, 1.000000, 0.000000)
(-33.500000, 2.000000, 10.485831), (0.500000, 10.000000, 1.000000), (1.000000, 0.000000, 0.000000), (0.000000, 0.000000, 1.000000), (0.000000, 1.000000, 0.000000)
(2.900000, 2.000000, -0.050000), (0.500000, 10.000000, 1.000000), (1.000000, 0.000000, 0.000000), (0.000000, 0.000000, 1.000000), (0.000000, 1.000000, 0.000000)
(26.300000, -2.000000, -13.246061), (0.500000, 10.000000, 1.000000), (1.000000, 0.000000, 0.000000), (0.000000, 0.000000, 1.000000), (0.000000, 1.000000, 0.000000)
(-4.900000, 0.000000, -0.050000), (0.500000, 10.000000, 1.000000), (1.000000, 0.000000, 0.000000), (0.000000, 0.000000, 1.000000), (0.000000, 1.000000, 0.000000)
(25.000000, -2.000000, -20.487495), (0.500000, 10.000000, 1.000000), (1.000000, 0.000000, 0.000000), (0.000000, 0.000000, 1.000000), (0.000000, 1.000000, 0.000000)
(-15.300000, 2.000000, -0.050000), (0.500000, 10.000000, 1.000000), (1.000000, 0.000000, 0.000000), (0.000000, 0.000000, 1.000000), (0.000000, 1.000000, 0.000000)
(-14.000000, -2.000000, -23.609994), (0.500000, 10.000000, 1.000000), (1.000000, 0.000000, 0.000000), (0.000000, 0.000000, 1.000000), (0.000000, 1.000000, 0.000000)
(14.600000, 0.000000, -0.050000), (0.500000, 10.000000, 1.000000), (1.000000, 0.000000, 0.000000), (0.000000, 0.000000, 1.000000), (0.000000, 1.000000, 0.000000)
(5.500000, 2.000000, 24.585035), (0.500000, 10.000000, 1.000000), (1.000000, 0.000000, 0.000000), (0.000000, 0.000000, 1.000000), (0.000000, 1.000000, 0.000000)
(28.900000, -2.000000, -12.418279), (0.500000, 10.000000, 1.000000), (1.000000, 0.000000, 0.000000), (0.000000, 0.000000, 1.000000), (0.000000, 1.000000, 0.000000)
(-25.700000, 0.000000, -13.417142), (0.500000, 10.000000, 1.000000), (1.000000, 0.000000, 0.000000), (0.000000, 0.000000, 1.000000), (0.000000, 1.000000, 0.000000)
(-23.100000, 2.000000, -21.202814), (0.500000, 10.000000, 1.000000), (1.000000, 0.000000, 0.000000), (0.000000, 0.000000, 1.000000), (0.000000, 1.000000, 0.000000)
(-32.200000, 2.000000, 11.110331), (0.500000, 10.000000, 1.000000), (1.000000, 0.000000, 0.000000), (0.000000, 0.000000, 1.000000), (0.000000, 1.000000, 0.000000)
(-24.400000, 2.000000, -20.723028), (0.500000, 10.000000, 1.000000), (1.000000, 0.000000, 0.000000), (0.000000, 0.000000, 1.000000), (0.000000, 1.000000, 0.000000)
(8.100000, 2.000000, -0.050000), (0.500000, 10.000000, 1.000000), (1.000000, 0.000000, 0.000000), (0.000000, 0.000000, 1.000000), (0.000000, 1.000000, 0.000000)
(8.100000, -2.000000, -0.050000), (0.500000, 10.000000, 1.000000), (1.000000, 0.000000, 0.000000), (0.000000, 0.000000, 1.000000), (0.000000, 1.000000, 0.000000)
(8.100000, -2.000000, 24.360645), (0.500000, 10.000000, 1.000000), (1.000000, 0.000000, 0.000000), (0.000000, 0.000000, 1.000000), (0.000000, 1.000000, 0.000000)
(4.200000, -2.000000, 24.664444), (0.500000, 10.000000, 1.000000), (1.000000, 0.000000, 0.000000), (0.000000, 0.000000, 1.000000), (0.000000, 1.000000, 0.000000)
(-25.700000, -2.000000, 13.417142), (0.500000, 10.000000, 1.000000), (1.000000, 0.000000, 0.000000), (0.000000, 0.000000, 1.000000), (0.000000, 1.000000, 0.000000)
(-19.200000, -2.000000, -0.050000), (0.500000, 10.000000, 1.000000), (1.000000, 0.000000, 0.000000), (0.000000, 0.000000, 1.000000), (0.000000, 1.000000, 0.000000)
(-11.400000, 2.000000, 23.945550), (0.500000, 10.000000, 1.000000), (1.000000, 0.000000, 0.000000), (0.000000, 0.000000, 1.000000), (0.000000, 1.000000, 0.000000)
(4.200000, 0.000000, -24.764444), (0.500000, 10.000000, 1.000000), (1.000000, 0.000000, 0.000000), (0.000000, 0.000000, 1.000000), (0.000000, 1.000000, 0.000000)
(2.900000, 2.000000, 24.722368), (0.500000, 10.000000, 1.000000), (1.000000, 0.000000, 0.000000), (0.000000, 0.000000, 1.000000), (0.000000, 1.000000, 0.000000)
(-12.700000, 2.000000, 23.740165), (0.500000, 10.000000, 1.000000), (1.000000, 0.000000, 0.000000), (0.000000, 0.000000, 1.000000), (0.000000, 1.000000, 0.000000)
(28.900000, 0.000000, 12.418279), (0.500000, 10.000000, 1.000000), (1.000000, 0.000000, 0.000000), (0.000000, 0.000000, 1.000000), (0.000000, 1.000000, 0.000000)
(35.400000, -2.000000, 0.050000), (0.500000, 10.000000, 1.000000), (1.000000, 0.000000, 0.000000), (0.000000, 0.000000, 1.000000), (0.000000, 1.000000, 0.000000)
(-20.500000, -2.000000, 21.948744), (0.500000, 10.000000, 1.000000), (1.000000, 0.000000, 0.000000), (0.000000, 0.000000, 1.000000), (0.000000, 1.000000, 0.000000)
(-28.300000, -2.000000, -12.622845), (0.500000, 10.000000, 1.000000), (1.000000, 0.000000, 0.000000), (0.000000, 0.000000, 1.000000), (0.000000, 1.000000, 0.000000)
(30.200000, -2.000000, -11.942997), (0.500000, 10.000000, 1.000000), (1.000000, 0.000000, 0.000000), (0.000000, 0.000000, 1.000000), (0.000000, 1.000000, 0.000000)
(-17.900000, -2.000000, -0.050000), (0.500000, 10.000000, 1.000000), (1.000000, 0.000000, 0.000000), (0.000000, 0.000000, 1.000000), (0.000000, 1.000000, 0.000000)
(10.700000, 2.000000, -0.050000), (0.500000, 10.000000, 1.000000), (1.000000, 0.000000, 0.000000), (0.000000, 0.000000, 1.000000), (0.000000, 1.000000, 0.000000)
(19.800000, 2.000000, -0.050000), (0.500000, 10.000000, 1.000000), (1.000000, 0.000000, 0.000000), (0.000000, 0.000000, 1.000000), (0.000000, 1.000000, 0.000000)
(30.200000, 2.000000, 11.942997), (0.500000, 10.000000, 1.000000), (1.000000, 0.000000, 0.000000), (0.000000, 0.000000, 1.000000), (0.000000, 1.000000, 0.000000)
(-21.800000, 2.000000, -0.050000), (0.500000, 10.000000, 1.000000), (1.000000, 0.000000, 0.000000), (0.000000, 0.000000, 1.000000), (0.000000, 1.000000, 0.000000)
(-7.500000, -2.000000, 24.420292), (0.500000, 10.000000, 1.000000), (1.000000, 0.000000, 0.000000), (0.000000, 0.000000, 1.000000), (0.000000, 1.000000, 0.000000)
(10.700000, 0.000000, 24.046157), (0.500000, 10.000000, 1.000000), (1.000000, 0.000000, 0.000000), (0.000000, 0.000000, 1.000000), (0.000000, 1.000000, 0.000000)
(-14.000000, -2.000000, -0.050000), (0.500000, 10.000000, 1.000000), (1.000000, 0.000000, 0.000000), (0.000000, 0.000000, 1.000000), (0.000000, 1.000000, 0.000000)
(-28.300000, 2.000000, -12.622845), (0.500000, 10.000000, 1.000000), (1.000000, 0.000000, 0.000000), (0.000000, 0.000000, 1.000000), (0.000000, 1.000000, 0.000000)
(15.900000, -2.000000, 23.127043), (0.500000, 10.000000, 1.000000), (1.000000, 0.000000, 0.000000), (0.000000, 0.000000, 1.000000), (0.000000, 1.000000, 0.000000)
(-6.200000, 0.000000, 24.533289), (0.500000, 10.000000, 1.000000), (1.000000, 0.000000, 0.000000), (0.000000, 0.000000, 1.000000), (0.000000, 1.000000, 0.000000)
(-10.100000, -2.000000, -0.050000), (0.500000, 10.000000, 1.000000), (1.000000, 0.000000, 0.000000), (0.000000, 0.000000, 1.000000), (0.000000, 1.000000, 0.000000)
(19.800000, 0.000000, 22.152859), (0.500000, 10.000000, 1.000000), (1.000000, 0.000000, 0.000000), (0.000000, 0.000000, 1.000000), (0.000000, 1.000000, 0.000000)
(-10.100000, 2.000000, -24.226938), (0.500000, 10.000000, 1.000000), (1.000000, 0.000000, 0.000000), (0.000000, 0.000000, 1.000000), (0.000000, 1.000000, 0.000000)
(13.300000, 2.000000, -23.737065), (0.500000, 10.000000, 1.000000), (1.000000, 0.000000, 0.000000), (0.000000, 0.000000, 1.000000), (0.000000, 1.000000, 0.000000)
(17.200000, 2.000000, -0.050000), (0.500000, 10.000000, 1.000000), (1.000000, 0.000000, 0.000000), (0.000000, 0.000000, 1.000000), (0.000000, 1.000000, 0.000000)
(2.900000, -2.000000, -0.050000), (0.500000, 10.000000, 1.000000), (1.000000, 0.000000, 0.000000), (0.000000, 0.000000, 1.000000), (0.000000, 1.000000, 0.000000)
(17.200000, 2.000000, -22.931578), (0.500000, 10.000000, 1.000000), (1.000000, 0.000000, 0.000000), (0.000000, 0.000000, 1.000000), (0.000000, 1.000000, 0.000000)
(8.100000, 2.000000, -24.460645), (0.500000, 10.000000, 1.000000), (1.000000, 0.000000, 0.000000), (0.000000, 0.000000, 1.000000), (0.000000, 1.000000, 0.000000)
(9.400000, 0.000000, 24.214907), (0.500000, 10.000000, 1.000000), (1.000000, 0.000000, 0.000000), (0.000000, 0.000000, 1.000000), (0.000000, 1.000000, 0.000000)
(21.100000, -2.000000, -21.866101), (0.500000, 10.000000, 1.000000), (1.000000, 0.000000, 0.000000), (0.000000, 0.000000, 1.000000), (0.000000, 1.000000, 0.000000)
(-20.500000, 2.000000, -22.048744), (0.500000, 10.000000, 1.000000), (1.000000, 0.000000, 0.000000), (0.000000, 0.000000, 1.000000), (0.000000, 1.000000, 0.000000)
(-12.700000, -2.000000, -0.050000), (0.500000, 10.000000, 1.000000), (1.000000, 0.000000, 0.000000), (0.000000, 0.000000, 1.000000), (0.000000, 1.000000, 0.000000)
(30.200000, 2.000000, -11.942997), (0.500000, 10.000000, 1.000000), (1.000000, 0.000000, 0.000000), (0.000000, 0.000000, 1.000000), (0.000000, 1.000000, 0.000000)
(13.300000, -2.000000, -23.737065), (0.500000, 10.000000, 1.000000), (1.000000, 0.000000, 0.000000), (0.000000, 0.000000, 1.000000), (0.000000, 1.000000, 0.000000)
(22.400000, -2.000000, 21.344852), (0.500000, 10.000000, 1.000000), (1.000000, 0.000000, 0.000000), (0.000000, 0.000000, 1.000000), (0.000000, 1.000000, 0.000000)
(-11.400000, 2.000000, -24.045550), (0.500000, 10.000000, 1.000000), (1.000000, 0.000000, 0.000000), (0.000000, 0.000000, 1.000000), (0.000000, 1.000000, 0.000000)
(-2.300000, 0.000000, -24.841910), (0.500000, 10.000000, 1.000000), (1.000000, 0.000000, 0.000000), (0.000000, 0.000000, 1.000000), (0.000000, 1.000000, 0.000000)
(1.600000, 2.000000, 24.758994), (0.500000, 10.000000, 1.000000), (1.000000, 0.000000, 0.000000), (0.000000, 0.000000, 1.000000), (0.000000, 1.000000, 0.000000)
(-3.600000, 0.000000, 24.693835), (0.500000, 10.000000, 1.000000), (1.000000, 0.000000, 0.000000), (0.000000, 0.000000, 1.000000), (0.000000, 1.000000, 0.000000)
(-28.300000, 2.000000, 12.622845), (0.500000, 10.000000, 1.000000), (1.000000, 0.000000, 0.000000), (0.000000, 0.000000, 1.000000), (0.000000, 1.000000, 0.000000)
(21.100000, 0.000000, -0.050000), (0.500000, 10.000000, 1.000000), (1.000000, 0.000000, 0.000000), (0.000000, 0.000000, 1.000000), (0.000000, 1.000000, 0.000000)
(-3.600000, 2.000000, -0.050000), (0.500000, 10.000000, 1.000000), (1.000000, 0.000000, 0.000000), (0.000000, 0.000000, 1.000000), (0.000000, 1.000000, 0.000000)
(21.100000, -2.000000, 21.766101), (0.500000, 10.000000, 1.000000), (1.000000, 0.000000, 0.000000), (0.000000, 0.000000, 1.000000), (0.000000, 1.000000, 0.000000)
(-1.000000, -2.000000, -0.050000), (0.500000, 10.000000, 1.000000), (1.000000, 0.000000, 0.000000), (0.000000, 0.000000, 1.000000), (0.000000, 1.000000, 0.000000)
(38.000000, 2.000000, 0.050000), (0.500000, 10.000000, 1.000000), (1.000000, 0.000000, 0.000000), (0.000000, 0.000000, 1.000000), (0.000000, 1.000000, 0.000000)
(32.800000, 0.000000, 10.831514), (0.500000, 10.000000, 1.000000), (1.000000, 0.000000, 0.000000), (0.000000, 0.000000, 1.000000), (0.000000, 1.000000, 0.000000)
(-15.300000, -2.000000, 23.254110), (0.500000, 10.000000, 1.000000), (1.000000, 0.000000, 0.000000), (0.000000, 0.000000, 1.000000), (0.000000, 1.000000, 0.000000)
(26.300000, -2.000000, 13.246061), (0.500000, 10.000000, 1.000000), (1.000000, 0.000000, 0.000000), (0.000000, 0.000000, 1.000000), (0.000000, 1.000000, 0.000000)
(14.600000, -2.000000, 23.395150), (0.500000, 10.000000, 1.000000), (1.000000, 0.000000, 0.000000), (0.000000, 0.000000, 1.000000), (0.000000, 1.000000, 0.000000)
(-14.000000, 2.000000, -23.609994), (0.500000, 10.000000, 1.000000), (1.000000, 0.000000, 0.000000), (0.000000, 0.000000, 1.000000), (0.000000, 1.000000, 0.000000)
(-6.200000, 0.000000, -24.633289), (0.500000, 10.000000, 1.000000), (1.000000, 0.000000, 0.000000), (0.000000, 0.000000, 1.000000), (0.000000, 1.000000, 0.000000)
(19.800000, -2.000000, -22.252859), (0.500000, 10.000000, 1.000000), (1.000000, 0.000000, 0.000000), (0.000000, 0.000000, 1.000000), (0.000000, 1.000000, 0.000000)
(4.200000, 0.000000, -0.050000), (0.500000, 10.000000, 1.000000), (1.000000, 0.000000, 0.000000), (0.000000, 0.000000, 1.000000), (0.000000, 1.000000, 0.000000)
(-4.900000, 2.000000, 24.624370), (0.500000, 10.000000, 1.000000), (1.000000, 0.000000, 0.000000), (0.000000, 0.000000, 1.000000), (0.000000, 1.000000, 0.000000)
cylinder, 40, 6, 80000000, 0.434083, 0.876289, 0.364228, 0.682679, 0.239667, 0.752254, -0.565917, -0.123711, -0.635772, 25.8599, 25.414
(8.711042, -0.755115, -23.292109), (0.500000, 10.000000, 1.000000), (0.146956, -0.989108, 0.008290), (0.120946, 0.026287, 0.992311), (0.981721, 0.144823, -0.123492)
(-28.120744, 0.235919, -3.902781), (0.500000, 10.000000, 1.000000), (-0.010048, -0.999686, -0.022950), (-0.197669, -0.020512, 0.980054), (0.980217, -0.014384, 0.197401)
(17.804820, 1.542295, 23.769595), (0.500000, 10.000000, 1.000000), (0.361599, -0.931216, -0.045638), (0.076404, -0.019189, 0.996892), (0.929198, 0.363962, -0.064210)
(-34.717711, 0.361779, -14.284956), (0.500000, 10.000000, 1.000000), (0.047644, 0.998851, -0.005137), (-0.367257, 0.022300, 0.929852), (-0.928898, 0.042415, -0.367898)
(9.943738, -0.943855, 3.264471), (0.500000, 10.000000, 1.000000), (-0.943244, -0.325352, 0.066605), (0.087731, -0.050682, 0.994854), (0.320302, -0.944234, -0.076349)
(9.911711, 0.955509, -21.522902), (0.500000, 10.000000, 1.000000), (0.250200, 0.967949, -0.021779), (-0.358129, 0.113423, 0.926757), (-0.899524, 0.224075, -0.375029)
(-17.032370, -1.536622, 26.433257), (0.500000, 10.000000, 1.000000), (-0.037456, 0.997266, 0.063702), (0.279954, -0.050722, 0.958673), (-0.959283, -0.053742, 0.277288)
(-25.072557, -0.627522, -18.096491), (0.500000, 10.000000, 1.000000), (-0.197370, -0.980010, 0.025028), (0.192421, -0.013694, 0.981217), (0.961259, -0.198479, -0.191277)
(14.617281, 0.644039, 22.009876), (0.500000, 10.000000, 1.000000), (0.192264, 0.981319, 0.006872), (0.162154, -0.038674, 0.986007), (-0.967854, 0.188460, 0.166561)
(-4.223582, 1.834424, -15.791302), (0.500000, 10.000000, 1.000000), (0.973691, -0.175294, -0.145597), (0.146401, -0.008409, 0.989190), (0.174623, 0.984480, -0.017476)
(-5.208628, 0.532969, -10.018035), (0.500000, 10.000000, 1.000000), (-0.072134, 0.995986, 0.053003), (0.183654, -0.038969, 0.982218), (-0.980341, -0.080586, 0.180106)
(-31.709581, -1.435617, -16.899515), (0.500000, 10.000000, 1.000000), (-0.110752, -0.992531, -0.051142), (-0.307696, -0.014687, 0.951371), (0.945017, -0.121103, 0.303772)
(23.684874, 2.170447, 15.018223), (0.500000, 10.000000, 1.000000), (-0.014899, 0.999727, -0.017972), (-0.030746, 0.017507, 0.999374), (-0.999416, -0.015442, -0.030477)
(-3.758045, -0.057897, 28.570095), (0.500000, 10.000000, 1.000000), (0.884967, 0.434710, -0.166915), (0.187416, -0.004373, 0.982271), (-0.426273, 0.900560, 0.085342)
(30.211740, -1.435059, -6.928819), (0.500000, 10.000000, 1.000000), (0.964744, -0.263175, 0.002750), (0.000447, 0.012086, 0.999927), (0.263189, 0.964672, -0.011778)
(33.308153, -0.069533, -11.547141), (0.500000, 10.000000, 1.000000), (0.402907, -0.891787, -0.205868), (0.122432, -0.170395, 0.977740), (0.907015, 0.419143, -0.040530)
(3.650230, 1.880307, 29.064623), (0.500000, 10.000000, 1.000000), (-0.486257, 0.857859, 0.166228), (0.306726, -0.010559, 0.951739), (-0.818213, -0.513777, 0.257993)
(28.233238, -0.524528, 7.483970), (0.500000, 10.000000, 1.000000), (0.449733, 0.870077, -0.201757), (0.223640, 0.108996, 0.968558), (-0.864711, 0.480714, 0.145565)
(-20.149678, 0.835038, 3.448050), (0.500000, 10.000000, 1.000000), (0.787818, 0.601871, -0.130742), (0.156265, 0.010004, 0.987664), (-0.595754, 0.798531, 0.086171)
(18.971102, -1.279259, 14.664624), (0.500000, 10.000000, 1.000000), (0.998909, 0.041757, -0.020898), (0.018757, 0.051026, 0.998521), (-0.042762, 0.997824, -0.050188)
(2.613275, 1.518886, 1.543293), (0.500000, 10.000000, 1.000000), (-0.984054, -0.135321, 0.115435), (0.115250, 0.009229, 0.993294), (0.135479, -0.990759, -0.006514)
(15.528730, 0.058636, 0.347343), (0.500000, 10.000000, 1.000000), (-0.896294, -0.431712, 0.101405), (0.116987, -0.009616, 0.993087), (0.427752, -0.901960, -0.059123)
(-22.825431, 1.378288, -19.913003), (0.500000, 10.000000, 1.000000), (0.423361, -0.902707, -0.076716), (0.098131, -0.038489, 0.994429), (0.900631, 0.428530, -0.072289)
(4.824872, -1.545466, 8.191325), (0.500000, 10.000000, 1.000000), (-0.994265, 0.013012, 0.106151), (0.106369, 0.017387, 0.994175), (-0.011090, -0.999764, 0.018671)
(29.118059, -2.069076, -21.780435), (0.500000, 10.000000, 1.000000), (-0.135343, 0.987734, 0.077873), (0.554024, 0.010285, 0.832437), (-0.821425, -0.155808, 0.548621)
(28.488504, -0.140220, 0.516414), (0.500000, 10.000000, 1.000000), (-0.506323, -0.843981, 0.177012), (0.096306, 0.148642, 0.984190), (0.856950, -0.515365, -0.006020)
(-24.767757, 2.156109, 2.886314), (0.500000, 10.000000, 1.000000), (-0.011633, 0.999567, 0.027018), (-0.134605, -0.028339, 0.990494), (-0.990831, -0.007886, -0.134876)
(18.926858, 0.988674, 17.199020), (0.500000, 10.000000, 1.000000), (0.979578, -0.173530, -0.101558), (0.110608, 0.043275, 0.992922), (0.167907, 0.983877, -0.061585)
(8.269027, 1.348180, 24.954360), (0.500000, 10.000000, 1.000000), (-0.907548, 0.355448, 0.223634), (0.236451, -0.007583, 0.971614), (-0.347055, -0.934665, 0.077164)
(-5.766676, -0.296383, 5.000805), (0.500000, 10.000000, 1.000000), (-0.926783, -0.251376, 0.279076), (0.286638, 0.006793, 0.958015), (0.242718, -0.967866, -0.065758)
(-35.435865, -0.286404, 4.881825), (0.500000, 10.000000, 1.000000), (0.941733, -0.119312, -0.314489), (0.313350, -0.028688, 0.949204), (0.122273, 0.992442, -0.010370)
(2.979248, 1.351200, -32.547792), (0.500000, 10.000000, 1.000000), (0.034355, 0.186039, 0.981942), (-0.997326, -0.057034, 0.045699), (-0.064506, 0.980886, -0.183582)
(-13.928114, -0.310554, 25.783702), (0.500000, 10.000000, 1.000000), (-0.106362, 0.991350, 0.076897), (0.180361, -0.056818, 0.981958), (-0.977833, -0.118312, 0.172758)
(6.225124, -2.068171, 2.376955), (0.500000, 10.000000, 1.000000), (0.132744, 0.991138, 0.005003), (0.176774, -0.028641, 0.983835), (-0.975259, 0.129714, 0.179009)
(12.301997, -0.657093, -11.014669), (0.500000, 10.000000, 1.000000), (0.248942, 0.968080, 0.029149), (0.034320, -0.038896, 0.998654), (-0.967910, 0.247607, 0.042908)
(4.449061, 2.007348, -0.577307), (0.500000, 10.000000, 1.000000), (0.008584, -0.999699, -0.022964), (0.098660, -0.022006, 0.994878), (0.995084, 0.010805, -0.098441)
(-14.198827, -2.164638, -16.939824), (0.500000, 10.000000, 1.000000), (-0.165825, -0.985543, -0.034748), (-0.160154, -0.007855, 0.987061), (0.973063, -0.169245, 0.156537)
(-4.845877, 1.656282, -4.442591), (0.500000, 10.000000, 1.000000), (-0.088796, 0.995837, 0.020606), (0.302421, 0.007244, 0.953147), (-0.949030, -0.090867, 0.301805)
(-11.258169, 1.677047, -17.162057), (0.500000, 10.000000, 1.000000), (-0.911565, 0.337065, 0.235449), (0.246584, -0.010055, 0.969069), (-0.329006, -0.941428, 0.073949)
(-10.849039, 0.187932, 2.964092), (0.500000, 10.000000, 1.000000), (0.852954, 0.485722, -0.191164), (0.212840, 0.010766, 0.977028), (-0.476622, 0.874047, 0.094198)
(-13.770597, -0.584573, -20.091735), (0.500000, 10.000000, 1.000000), (0.671251, 0.739326, -0.053090), (0.133921, -0.050520, 0.989703), (-0.729032, 0.671449, 0.132923)
(10.500976, -2.119790, 27.854809), (0.500000, 10.000000, 1.000000), (0.108457, -0.994006, -0.013781), (0.184598, 0.006516, 0.982792), (0.976811, 0.109134, -0.184199)
(28.734200, 1.654989, -17.487984), (0.500000, 10.000000, 1.000000), (-0.162848, -0.976761, 0.139351), (0.533330, 0.031680, 0.845314), (0.830084, -0.211978, -0.515777)
(23.131987, -1.414441, -22.149220), (0.500000, 10.000000, 1.000000), (-0.783254, 0.234041, 0.575967), (0.593210, 0.004101, 0.805037), (-0.186050, -0.972218, 0.142047)
(4.480297, -0.517043, 27.798169), (0.500000, 10.000000, 1.000000), (-0.609372, -0.778242, 0.151678), (0.193495, 0.039551, 0.980304), (0.768912, -0.626718, -0.126485)
(-29.393327, 2.186767, 18.217293), (0.500000, 10.000000, 1.000000), (0.116299, -0.992078, -0.047502), (0.274512, -0.013857, 0.961484), (0.954525, 0.124859, -0.270725)
(-1.153040, 0.022155, 29.180730), (0.500000, 10.000000, 1.000000), (-0.225617, -0.974152, 0.011151), (-0.189200, 0.032586, -0.981398), (-0.955668, 0.223529, 0.191662)
(-29.999145, 1.498142, -14.977032), (0.500000, 10.000000, 1.000000), (-0.865380, 0.448578, -0.223373), (-0.244386, 0.011365, 0.969611), (-0.437485, -0.893671, -0.099792)
(16.057695, -1.716574, -2.020980), (0.500000, 10.000000, 1.000000), (-0.623180, 0.777094, 0.088155), (0.111452, -0.023326, 0.993496), (-0.774096, -0.628952, 0.072072)
(-30.708313, -1.749082, 7.823920), (0.500000, 10.000000, 1.000000), (0.957165, 0.059493, -0.283364), (0.283319, 0.009357, 0.958980), (-0.059704, 0.998185, 0.007899)
(34.477316, 0.785230, 4.060594), (0.500000, 10.000000, 1.000000), (-0.334475, -0.939963, -0.067795), (0.144948, -0.122394, 0.981840), (0.931191, -0.318575, -0.177183)
(23.749920, 2.053466, -28.529518), (0.500000, 10.000000, 1.000000), (0.083986, 0.990025, -0.113126), (0.735690, 0.014965, 0.677153), (-0.672091, 0.140097, 0.727095)
(-34.719007, 1.952247, 11.713821), (0.500000, 10.000000, 1.000000), (-0.389548, -0.915108, 0.104070), (0.221757, 0.016478, 0.974963), (0.893911, -0.402873, -0.196512)
(14.202895, 2.417510, -22.252648), (0.500000, 10.000000, 1.000000), (0.032845, -0.999460, -0.000925), (-0.019913, -0.001580, 0.999800), (0.999262, 0.032820, 0.019954)
(-30.424284, -0.356021, -10.601843), (0.500000, 10.000000, 1.000000), (0.973705, -0.098635, 0.205351), (-0.196535, 0.092132, 0.976159), (0.115203, 0.990849, -0.070325)
