135, 1, 17.9049
cylinder, 40, 6, 0, 1, 1, 1, 1, 1, 1, 0, 0, 0, 0, 0
(-23.100000, 0.000000, -0.050000), (0.500000, 10.000000, 1.000000), (1.000000, 0.000000, 0.000000), (0.000000, 0.000000, 1.000000), (0.000000, 1.000000, 0.000000)
(-17.900000, 0.000000, 22.660679), (0.500000, 10.000000, 1.000000), (1.000000, 0.000000, 0.000000), (0.000000, 0.000000, 1.000000), (0.000000, 1.000000, 0.000000)
(27.600000, 0.000000, -12.850792), (0.500000, 10.000000, 1.000000), (1.000000, 0.000000, 0.000000), (0.000000, 0.000000, 1.000000), (0.000000, 1.000000, 0.000000)
(-27.000000, 0.000000, -13.037570), (0.500000, 10.000000, 1.000000), (1.000000, 0.000000, 0.000000), (0.000000, 0.000000, 1.000000), (0.000000, 1.000000, 0.000000)
(26.300000, 2.000000, 13.246061), (0.500000, 10.000000, 1.000000), (1.000000, 0.000000, 0.000000), (0.000000, 0.000000, 1.000000), (0.000000, 1.000000, 0.000000)
(-37.400000, -2.000000, 0.050000), (0.500000, 10.000000, 1.000000), (1.000000, 0.000000, 0.000000), (0.000000, 0.000000, 1.000000), (0.000000, 1.000000, 0.000000)
(-11.400000, -2.000000, 23.945550), (0.500000, 10.000000, 1.000000), (1.000000, 0.000000, 0.000000), (0.000000, 0.000000, 1.000000), (0.000000, 1.000000, 0.000000)
(-29.600000, 0.000000, -12.168092), (0.500000, 10.000000, 1.000000), (1.000000, 0.000000, 0.000000), (0.000000, 0.000000, 1.000000), (0.000000, 1.000000, 0.000000)
(0.300000, 0.000000, 24.774437), (0.500000, 10.000000, 1.000000), (1.000000, 0.000000, 0.000000), (0.000000, 0.000000, 1.000000), (0.000000, 1.000000, 0.000000)
(19.800000, 2.000000, -22.252859), (0.500000, 10.000000, 1.000000), (1.000000, 0.000000, 0.000000), (0.000000, 0.000000, 1.000000), (0.000000, 1.000000, 0.000000)
(-28.300000, -2.000000, 12.622845), (0.500000, 10.000000, 1.000000), (1.000000, 0.000000, 0.000000), (0.000000, 0.000000, 1.000000), (0.000000, 1.000000, 0.000000)
(-16.600000, 0.000000, -23.071428), (0.500000, 10.000000, 1.000000), (1.000000, 0.000000, 0.000000), (0.000000, 0.000000, 1.000000), (0.000000, 1.000000, 0.000000)
(-24.400000, -2.000000, 20.623028), (0.500000, 10.000000, 1.000000), (1.000000, 0.000000, 0.000000), (0.000000, 0.000000, 1.000000), (0.000000, 1.000000, 0.000000)
(12.000000, -2.000000, 23.853784), (0.500000, 10.000000, 1.000000), (1.000000, 0.000000, 0.000000), (0.000000, 0.000000, 1.000000), (0.000000, 1.000000, 0.000000)
(8.100000, 2.000000, 24.360645), (0.500000, 10.000000, 1.000000), (1.000000, 0.000000, 0.000000), (0.000000, 0.000000, 1.000000), (0.000000, 1.000000, 0.000000)
(27.600000, 2.000000, 12.850792), (0.500000, 10.000000, 1.000000), (1.000000, 0.000000, 0.000000), (0.000000, 0.000000, 1.000000), (0.000000, 1.000000, 0.000000)
(6.800000, 0.000000, -0.050000), (0.500000, 10.000000, 1.000000), (1.000000, 0.000000, 0.000000), (0.000000, 0.000000, 1.000000), (0.000000, 1.000000, 0.000000)
(-27.000000, -2.000000, 13.037570), (0.500000, 10.000000, 1.000000), (1.000000, 0.000000, 0.000000), (0.000000, 0.000000, 1.000000), (0.000000, 1.000000, 0.000000)
(-29.600000, -2.000000, 12.168092), (0.500000, 10.000000, 1.000000), (1.000000, 0.000000, 0.000000), (0.000000, 0.000000, 1.000000), (0.000000, 1.000000, 0.000000)
(0.300000, 0.000000, -0.050000), (0.500000, 10.000000, 1.000000), (1.000000, 0.000000, 0.000000), (0.000000, 0.000000, 1.000000), (0.000000, 1.000000, 0.000000)
(19.800000, -2.000000, -0.050000), (0.500000, 10.000000, 1.000000), (1.000000, 0.000000, 0.000000), (0.000000, 0.000000, 1.000000), (0.000000, 1.000000, 0.000000)
(-7.500000, -2.000000, -24.520292), (0.500000, 10.000000, 1.000000), (1.000000, 0.000000, 0.000000), (0.000000, 0.000000, 1.000000), (0.000000, 1.000000, 0.000000)
(-4.900000, 2.000000, -24.724370), (0.500000, 10.000000, 1.000000), (1.000000, 0.000000, 0.000000), (0.000000, 0.000000, 1.000000), (0.000000, 1.000000, 0.000000)
(35.400000, 2.000000, 0.050000), (0.500000, 10.000000, 1.000000), (1.000000, 0.000000, 0.000000), (0.000000, 0.000000, 1.000000), (0.000000, 1.000000, 0.000000)
(0.300000, -2.000000, -24.874437), (0.500000, 10.000000, 1.000000), (1.000000, 0.000000, 0.000000), (0.000000, 0.000000, 1.000000), (0.000000, 1.000000, 0.000000)
(-2.300000, 0.000000, -0.050000), (0.500000, 10.000000, 1.000000), (1.000000, 0.000000, 0.000000), (0.000000, 0.000000, 1.000000), (0.000000, 1.000000, 0.000000)
(-1.000000, 2.000000, -24.868749), (0.500000, 10.000000, 1.000000), (1.000000, 0.000000, 0.000000), (0.000000, 0.000000, 1.000000), (0.000000, 1.000000, 0.000000)
(25.000000, -2.000000, 20.387495), (0.500000, 10.000000, 1.000000), (1.000000, 0.000000, 0.000000), (0.000000, 0.000000, 1.000000), (0.000000, 1.000000, 0.000000)
(-11.400000, 2.000000, -0.050000), (0.500000, 10.000000, 1.000000), (1.000000, 0.000000, 0.000000), (0.000000, 0.000000, 1.000000), (0.000000, 1.000000, 0.000000)
(5.500000, 2.000000, -24.685035), (0.500000, 10.000000, 1.000000), (1.000000, 0.000000, 0.000000), (0.000000, 0.000000, 1.000000), (0.000000, 1.000000, 0.000000)
(-10.100000, 2.000000, 24.126938), (0.500000, 10.000000, 1.000000), (1.000000, 0.000000, 0.000000), (0.000000, 0.000000, 1.000000), (0.000000, 1.000000, 0.000000)
(-36.100000, 0.000000, 0.050000), (0.500000, 10.000000, 1.000000), (1.000000, 0.000000, 0.000000), (0.000000, 0.000000, 1.000000), (0.000000, 1.000000, 0.000000)
(21.100000, 2.000000, -21.866101), (0.500000, 10.000000, 1.000000), (1.000000, 0.000000, 0.000000), (0.000000, 0.000000, 1.000000), (0.000000, 1.000000, 0.000000)
(-32.200000, -2.000000, 11.110331), (0.500000, 10.000000, 1.000000), (1.000000, 0.000000, 0.000000), (0.000000, 0.000000, 1.000000), (0.000000, 1.000000, 0.000000)
(6.800000, 2.000000, -24.583881), (0.500000, 10.000000, 1.000000), (1.000000, 0.000000, 0.000000), (0.000000, 0.000000, 1.000000), (0.000000, 1.000000, 0.000000)
(-30.900000, -2.000000, 11.666864), (0.500000, 10.000000, 1.000000), (1.000000, 0.000000, 0.000000), (0.000000, 0.000000, 1.000000), (0.000000, 1.000000, 0.000000)
(22.400000, 0.000000, -21.444852), (0.500000, 10.000000, 1.000000), (1.000000, 0.000000, 0.000000), (0.000000, 0.000000, 1.000000), (0.000000, 1.000000, 0.000000)
(36.700000, 0.000000, 0.050000), (0.500000, 10.000000, 1.000000), (1.000000, 0.000000, 0.000000), (0.000000, 0.000000, 1.000000), (0.000000, 1.000000, 0.000000)
(31.500000, 0.000000, 11.417529), (0.500000, 10.000000, 1.000000), (1.000000, 0.000000, 0.000000), (0.000000, 0.000000, 1.000000), (0.000000, 1.000000, 0.000000)
(12.000000, 2.000000, -23.953784), (0.500000, 10.000000, 1.000000), (1.000000, 0.000000, 0.000000), (0.000000, 0.000000, 1.000000), (0.000000, 1.000000, 0.000000)
(-20.500000, 2.000000, 21.948744), (0.500000, 10.000000, 1.000000), (1.000000, 0.000000, 0.000000), (0.000000, 0.000000, 1.000000), (0.000000, 1.000000, 0.000000)
(32.800000, 2.000000, -10.831514), (0.500000, 10.000000, 1.000000), (1.000000, 0.000000, 0.000000), (0.000000, 0.000000, 1.000000), (0.000000, 1.000000, 0.000000)
(34.100000, 0.000000, 0.050000), (0.500000, 10.000000, 1.000000), (1.000000, 0.000000, 0.000000), (0.000000, 0.000000, 1.000000), (0.000000, 1.000000, 0.000000)
(9.400000, -2.000000, -0.050000), (0.500000, 10.000000, 1.000000), (1.000000, 0.000000, 0.000000), (0.000000, 0.000000, 1.000000), (0.000000, 1.000000, 0.000000)
(5.500000, -2.000000, 24.585035), (0.500000, 10.000000, 1.000000), (1.000000, 0.000000, 0.000000), (0.000000, 0.000000, 1.000000), (0.000000, 1.000000, 0.000000)
(-15.300000, 2.000000, -23.354110), (0.500000, 10.000000, 1.000000), (1.000000, 0.000000, 0.000000), (0.000000, 0.000000, 1.000000), (0.000000, 1.000000, 0.000000)
(-16.600000, 2.000000, 22.971428), (0.500000, 10.000000, 1.000000), (1.000000, 0.000000, 0.000000), (0.000000, 0.000000, 1.000000), (0.000000, 1.000000, 0.000000)
(18.500000, -2.000000, -0.050000), (0.500000, 10.000000, 1.000000), (1.000000, 0.000000, 0.000000), (0.000000, 0.000000, 1.000000), (0.000000, 1.000000, 0.000000)
(13.300000, -2.000000, 23.637065), (0.500000, 10.000000, 1.000000), (1.000000, 0.000000, 0.000000), (0.000000, 0.000000, 1.000000), (0.000000, 1.000000, 0.000000)
(-24.400000, -2.000000, -0.050000), (0.500000, 10.000000, 1.000000), (1.000000, 0.000000, 0.000000), (0.000000, 0.000000, 1.000000), (0.000000, 1.000000, 0.000000)
(27.600000, -2.000000, 12.850792), (0.500000, 10.000000, 1.000000), (1.000000, 0.000000, 0.000000), (0.000000, 0.000000, 1.000000), (0.000000, 1.000000, 0.000000)
(18.500000, 2.000000, 22.507386), (0.500000, 10.000000, 1.000000), (1.000000, 0.000000, 0.000000), (0.000000, 0.000000, 1.000000), (0.000000, 1.000000, 0.000000)
(-33.500000, 0.000000, -10.485831), (0.500000, 10.000000, 1.000000), (1.000000, 0.000000, 0.000000), (0.000000, 0.000000, 1.000000), (0.000000, 1.000000, 0.000000)
(-17.900000, 2.000000, -0.050000), (0.500000, 10.000000, 1.000000), (1.000000, 0.000000, 0.000000), (0.000000, 0.000000, 1.000000), (0.000000, 1.000000, 0.000000)
(-19.200000, 0.000000, 22.320370), (0.500000, 10.000000, 1.000000), (1.000000, 0.000000, 0.000000), (0.000000, 0.000000, 1.000000), (0.000000, 1.000000, 0.000000)
(-8.800000, -2.000000, -0.050000), (0.500000, 10.000000, 1.000000), (1.000000, 0.000000, 0.000000), (0.000000, 0.000000, 1.000000), (0.000000, 1.000000, 0.000000)
(-4.900000, -2.000000, -24.724370), (0.500000, 10.000000, 1.000000), (1.000000, 0.000000, 0.000000), (0.000000, 0.000000, 1.000000), (0.000000, 1.000000, 0.000000)
(1.600000, 2.000000, -24.858994), (0.500000, 10.000000, 1.000000), (1.000000, 0.000000, 0.000000), (0.000000, 0.000000, 1.000000), (0.000000, 1.000000, 0.000000)
(32.800000, -2.000000, -10.831514), (0.500000, 10.000000, 1.000000), (1.000000, 0.000000, 0.000000), (0.000000, 0.000000, 1.000000), (0.000000, 1.000000, 0.000000)
(-17.900000, -2.000000, -22.760679), (0.500000, 10.000000, 1.000000), (1.000000, 0.000000, 0.000000), (0.000000, 0.000000, 1.000000), (0.000000, 1.000000, 0.000000)
(-23.100000, 2.000000, 21.102814), (0.500000, 10.000000, 1.000000), (1.000000, 0.000000, 0.000000), (0.000000, 0.000000, 1.000000), (0.000000, 1.000000, 0.000000)
(-2.300000, -2.000000, 24.741910), (0.500000, 10.000000, 1.000000), (1.000000, 0.000000, 0.000000), (0.000000, 0.000000, 1.000000), (0.000000, 1.000000, 0.000000)
(9.400000, 2.000000, -24.314907), (0.500000, 10.000000, 1.000000), (1.000000, 0.000000, 0.000000), (0.000000, 0.000000, 1.000000), (0.000000, 1.000000, 0.000000)
(12.000000, 2.000000, 23.853784), (0.500000, 10.000000, 1.000000), (1.000000, 0.000000, 0.000000), (0.000000, 0.000000, 1.000000), (0.000000, 1.000000, 0.000000)
(-4.900000, -2.000000, 24.624370), (0.500000, 10.000000, 1.000000), (1.000000, 0.000000, 0.000000), (0.000000, 0.000000, 1.000000), (0.000000, 1.000000, 0.000000)
(-1.000000, 2.000000, -0.050000), (0.500000, 10.000000, 1.000000), (1.000000, 0.000000, 0.000000), (0.000000, 0.000000, 1.000000), (0.000000, 1.000000, 0.000000)
(1.600000, 2.000000, -0.050000), (0.500000, 10.000000, 1.000000), (1.000000, 0.000000, 0.000000), (0.000000, 0.000000, 1.000000), (0.000000, 1.000000, 0.000000)
(23.700000, 2.000000, -20.986409), (0.500000, 10.000000, 1.000000), (1.000000, 0.000000, 0.000000), (0.000000, 0.000000, 1.000000), (0.000000, 1.000000, 0.000000)
(-29.600000, 2.000000, 12.168092), (0.500000, 10.000000, 1.000000), (1.000000, 0.000000, 0.000000), (0.000000, 0.000000, 1.000000), (0.000000, 1.000000, 0.000000)
(-10.100000, 2.000000, -0.050000), (0.500000, 10.000000, 1.000000), (1.000000, 0.000000, 0.000000), (0.000000, 0.000000, 1.000000), (0.000000, 1.000000, 0.000000)
(25.000000, 0.000000, -0.050000), (0.500000, 10.000000, 1.000000), (1.000000, 0.000000, 0.000000), (0.000000, 0.000000, 1.000000), (0.000000, 1.000000, 0.000000)
(12.000000, 0.000000, -0.050000), (0.500000, 10.000000, 1.000000), (1.000000, 0.000000, 0.000000), (0.000000, 0.000000, 1.000000), (0.000000, 1.000000, 0.000000)
(1.600000, -2.000000, -24.858994), (0.500000, 10.000000, 1.000000), (1.000000, 0.000000, 0.000000), (0.000000, 0.000000, 1.000000), (0.000000, 1.000000, 0.000000)
(13.300000, 2.000000, -0.050000), (0.500000, 10.000000, 1.000000), (1.000000, 0.000000, 0.000000), (0.000000, 0.000000, 1.000000), (0.000000, 1.000000, 0.000000)
(38.000000, -2.000000, 0.050000), (0.500000, 10.000000, 1.000000), (1.000000, 0.000000, 0.000000), (0.000000, 0.000000, 1.000000), (0.000000, 1.000000, 0.000000)
(22.400000, -2.000000, -0.050000), (0.500000, 10.000000, 1.000000), (1.000000, 0.000000, 0.000000), (0.000000, 0.000000, 1.000000), (0.000000, 1.000000, 0.000000)
(-16.600000, -2.000000, 22.971428), (0.500000, 10.000000, 1.000000), (1.000000, 0.000000, 0.000000), (0.000000, 0.000000, 1.000000), (0.000000, 1.000000, 0.000000)
(18.500000, 0.000000, -22.607386), (0.500000, 10.000000, 1.000000), (1.000000, 0.000000, 0.000000), (0.000000, 0.000000, 1.000000), (0.000000, 1.000000, 0.000000)
(-14.000000, 0.000000, 23.509994), (0.500000, 10.000000, 1.000000), (1.000000, 0.000000, 0.000000), (0.000000, 0.000000, 1.000000), (0.000000, 1.000000, 0.000000)
(-23.100000, -2.000000, 21.102814), (0.500000, 10.000000, 1.000000), (1.000000, 0.000000, 0.000000), (0.000000, 0.000000, 1.000000), (0.000000, 1.000000, 0.000000)
(-32.200000, 0.000000, -11.110331), (0.500000, 10.000000, 1.000000), (1.000000, 0.000000, 0.000000), (0.000000, 0.000000, 1.000000), (0.000000, 1.000000, 0.000000)
(-16.600000, 0.000000, -0.050000), (0.500000, 10.000000, 1.000000), (1.000000, 0.000000, 0.000000), (0.000000, 0.000000, 1.000000), (0.000000, 1.000000, 0.000000)
(-12.700000, 2.000000, -23.840165), (0.500000, 10.000000, 1.000000), (1.000000, 0.000000, 0.000000), (0.000000, 0.000000, 1.000000), (0.000000, 1.000000, 0.000000)
(14.600000, 2.000000, 23.395150), (0.500000, 10.000000, 1.000000), (1.000000, 0.000000, 0.000000), (0.000000, 0.000000, 1.000000), (0.000000, 1.000000, 0.000000)
(-19.200000, 0.000000, -22.420370), (0.500000, 10.000000, 1.000000), (1.000000, 0.000000, 0.000000), (0.000000, 0.000000, 1.000000), (0.000000, 1.000000, 0.000000)
(17.200000, 2.000000, 22.831578), (0.500000, 10.000000, 1.000000), (1.000000, 0.000000, 0.000000), (0.000000, 0.000000, 1.000000), (0.000000, 1.000000, 0.000000)
(-34.800000, 0.000000, 0.050000), (0.500000, 10.000000, 1.000000), (1.000000, 0.000000, 0.000000), (0.000000, 0.000000, 1.000000), (0.000000, 1.000000, 0.000000)
(10.700000, 0.000000, -24.146157), (0.500000, 10.000000, 1.000000), (1.000000, 0.000000, 0.000000), (0.000000, 0.000000, 1.000000), (0.000000, 1.000000, 0.000000)
(23.700000, -2.000000, -0.050000), (0.500000, 10.000000, 1.000000), (1.000000, 0.000000, 0.000000), (0.000000, 0.000000, 1.000000), (0.000000, 1.000000, 0.000000)
(-20.500000, 0.000000, -0.050000), (0.500000, 10.000000, 1.000000), (1.000000, 0.000000, 0.000000), (0.000000, 0.000000, 1.000000), (0.000000, 1.000000, 0.000000)
(5.500000, 2.000000, -0.050000), (0.500000, 10.000000, 1.000000), (1.000000, 0.000000, 0.000000), (0.000000, 0.000000, 1.000000), (0.000000, 1.000000, 0.000000)
(-21.800000, 2.000000, -21.643721), (0.500000, 10.000000, 1.000000), (1.000000, 0.000000, 0.000000), (0.000000, 0.000000, 1.000000), (0.000000, 1.000000, 0.000000)
(-15.300000, -2.000000, -23.354110), (0.500000, 10.000000, 1.000000), (1.000000, 0.000000, 0.000000), (0.000000, 0.000000, 1.000000), (0.000000, 1.000000, 0.000000)
(31.500000, 0.000000, -11.417529), (0.500000, 10.000000, 1.000000), (1.000000, 0.000000, 0.000000), (0.000000, 0.000000, 1.000000), (0.000000, 1.000000, 0.000000)
(-6.200000, -2.000000, -0.050000), (0.500000, 10.000000, 1.000000), (1.000000, 0.000000, 0.000000), (0.000000, 0.000000, 1.000000), (0.000000, 1.000000, 0.000000)
(-12.700000, 2.000000, -0.050000), (0.500000, 10.000000, 1.000000), (1.000000, 0.000000, 0.000000), (0.000000, 0.000000, 1.000000), (0.000000, 1.000000, 0.000000)
(6.800000, 2.000000, 24.483881), (0.500000, 10.000000, 1.000000), (1.000000, 0.000000, 0.000000), (0.000000, 0.000000, 1.000000), (0.000000, 1.000000, 0.000000)
(-8.800000, -2.000000, -24.384997), (0.500000, 10.000000, 1.000000), (1.000000, 0.000000, 0.000000), (0.000000, 0.000000, 1.000000), (0.000000, 1.000000, 0.000000)
(-33.500000, -2.000000, 10.485831), (0.500000, 10.000000, 1.000000), (1.000000, 0.000000, 0.000000), (0.000000, 0.000000, 1.000000), (0.000000, 1.000000, 0.000000)
(-25.700000, 2.000000, 13.417142), (0.500000, 10.000000, 1.000000), (1.000000, 0.000000, 0.000000), (0.000000, 0.000000, 1.000000), (0.000000, 1.000000, 0.000000)
(-37.400000, 2.000000, 0.050000), (0.500000, 10.000000, 1.000000), (1.000000, 0.000000, 0.000000), (0.000000, 0.000000, 1.000000), (0.000000, 1.000000, 0.000000)
(28.900000, 2.000000, -12.418279), (0.500000, 10.000000, 1.000000), (1.000000, 0.000000, 0.000000), (0.000000, 0.000000, 1.000000), (0.000000, 1.000000, 0.000000)
(-27.000000, 2.000000, 13.037570), (0.500000, 10.000000, 1.000000), (1.000000, 0.000000, 0.000000), (0.000000, 0.000000, 1.000000), (0.000000, 1.000000, 0.000000)
(1.600000, -2.000000, 24.758994), (0.500000, 10.000000, 1.000000), (1.000000, 0.000000, 0.000000), (0.000000, 0.000000, 1.000000), (0.000000, 1.000000, 0.000000)
(-7.500000, 2.000000, -24.520292), (0.500000, 10.000000, 1.000000), (1.000000, 0.000000, 0.000000), (0.000000, 0.000000, 1.000000), (0.000000, 1.000000, 0.000000)
(-23.100000, -2.000000, -21.202814), (0.500000, 10.000000, 1.000000), (1.000000, 0.000000, 0.000000), (0.000000, 0.000000, 1.000000), (0.000000, 1.000000, 0.000000)
(-1.000000, 0.000000, 24.768749), (0.500000, 10.000000, 1.000000), (1.000000, 0.000000, 0.000000), (0.000000, 0.000000, 1.000000), (0.000000, 1.000000, 0.000000)
(15.900000, 0.000000, -23.227043), (0.500000, 10.000000, 1.000000), (1.000000, 0.000000, 0.000000), (0.000000, 0.000000, 1.000000), (0.000000, 1.000000, 0.000000)
(-15.300000, 2.000000, 23.254110), (0.500000, 10.000000, 1.000000), (1.000000, 0.000000, 0.000000), (0.000000, 0.000000, 1.000000), (0.000000, 1.000000, 0.000000)
(30.200000, -2.000000, 11.942997), (0.500000, 10.000000, 1.000000), (1.000000, 0.000000, 0.000000), (0.000000, 0.000000, 1.000000), (0.000000, 1.000000, 0.000000)
(-8.800000, 0.000000, 24.284997), (0.500000, 10.000000, 1.000000), (1.000000, 0.000000, 0.000000), (0.000000, 0.000000, 1.000000), (0.000000, 1.000000, 0.000000)
(15.900000, 0.000000, -0.050000), (0.500000, 10.000000, 1.000000), (1.000000, 0.000000, 0.000000), (0.000000, 0.000000, 1.000000), (0.000000, 1.000000, 0.000000)
(-3.600000, -2.000000, -0.050000), (0.500000, 10.000000, 1.000000), (1.000000, 0.000000, 0.000000), (0.000000, 0.000000, 1.000000), (0.000000, 1.000000, 0.000000)
(-7.500000, 2.000000, 24.420292), (0.500000, 10.000000, 1.000000), (1.000000, 0.000000, 0.000000), (0.000000, 0.000000, 1.000000), (0.000000, 1.000000, 0.000000)
(-33.500000, 2.000000, 10.485831), (0.500000, 10.000000, 1.000000), (1.000000, 0.000000, 0.000000), (0.000000, 0.000000, 1.000000), (0.000000, 1.000000, 0.000000)
(2.900000, 2.000000, -0.050000), (0.500000, 10.000000, 1.000000), (1.000000, 0.000000, 0.000000), (0.000000, 0.000000, 1.000000), (0.000000, 1.000000, 0.000000)
(26.300000, -2.000000, -13.246061), (0.500000, 10.000000, 1.000000), (1.000000, 0.000000, 0.000000), (0.000000, 0.000000, 1.000000), (0.000000, 1.000000, 0.000000)
(-4.900000, 0.000000, -0.050000), (0.500000, 10.000000, 1.000000), (1.000000, 0.000000, 0.000000), (0.000000, 0.000000, 1.000000), (0.000000, 1.000000, 0.000000)
(25.000000, -2.000000, -20.487495), (0.500000, 10.000000, 1.000000), (1.000000, 0.000000, 0.000000), (0.000000, 0.000000, 1.000000), (0.000000, 1.000000, 0.000000)
(-15.300000, 2.000000, -0.050000), (0.500000, 10.000000, 1.000000), (1.000000, 0.000000, 0.000000), (0.000000, 0.000000, 1.000000), (0.000000, 1.000000, 0.000000)
(-14.000000, -2.000000, -23.609994), (0.500000, 10.000000, 1.000000), (1.000000, 0.000000, 0.000000), (0.000000, 0.000000, 1.000000), (0.000000, 1.000000, 0.000000)
(14.600000, 0.000000, -0.050000), (0.500000, 10.000000, 1.000000), (1.000000, 0.000000, 0.000000), (0.000000, 0.000000, 1.000000), (0.000000, 1.000000, 0.000000)
(5.500000, 2.000000, 24.585035), (0.500000, 10.000000, 1.000000), (1.000000, 0.000000, 0.000000), (0.000000, 0.000000, 1.000000), (0.000000, 1.000000, 0.000000)
(28.900000, -2.000000, -12.418279), (0.500000, 10.000000, 1.000000), (1.000000, 0.000000, 0.000000), (0.000000, 0.000000, 1.000000), (0.000000, 1.000000, 0.000000)
(-25.700000, 0.000000, -13.417142), (0.500000, 10.000000, 1.000000), (1.000000, 0.000000, 0.000000), (0.000000, 0.000000, 1.000000), (0.000000, 1.000000, 0.000000)
(-23.100000, 2.000000, -21.202814), (0.500000, 10.000000, 1.000000), (1.000000, 0.000000, 0.000000), (0.000000, 0.000000, 1.000000), (0.000000, 1.000000, 0.000000)
(-32.200000, 2.000000, 11.110331), (0.500000, 10.000000, 1.000000), (1.000000, 0.000000, 0.000000), (0.000000, 0.000000, 1.000000), (0.000000, 1.000000, 0.000000)
(-24.400000, 2.000000, -20.723028), (0.500000, 10.000000, 1.000000), (1.000000, 0.000000, 0.000000), (0.000000, 0.000000, 1.000000), (0.000000, 1.000000, 0.000000)
(8.100000, 2.000000, -0.050000), (0.500000, 10.000000, 1.000000), (1.000000, 0.000000, 0.000000), (0.000000, 0.000000, 1.000000), (0.000000, 1.000000, 0.000000)
(8.100000, -2.000000, -0.050000), (0.500000, 10.000000, 1.000000), (1.000000, 0.000000, 0.000000), (0.000000, 0.000000, 1.000000), (0.000000, 1.000000, 0.000000)
(8.100000, -2.000000, 24.360645), (0.500000, 10.000000, 1.000000), (1.000000, 0.000000, 0.000000), (0.000000, 0.000000, 1.000000), (0.000000, 1.000000, 0.000000)
(4.200000, -2.000000, 24.664444), (0.500000, 10.000000, 1.000000), (1.000000, 0.000000, 0.000000), (0.000000, 0.000000, 1.000000), (0.000000, 1.000000, 0.000000)
(-25.700000, -2.000000, 13.417142), (0.500000, 10.000000, 1.000000), (1.000000, 0.000000, 0.000000), (0.000000, 0.000000, 1.000000), (0.000000, 1.000000, 0.000000)
(-19.200000, -2.000000, -0.050000), (0.500000, 10.000000, 1.000000), (1.000000, 0.000000, 0.000000), (0.000000, 0.000000, 1.000000), (0.000000, 1.000000, 0.000000)
(-11.400000, 2.000000, 23.945550), (0.500000, 10.000000, 1.000000), (1.000000, 0.000000, 0.000000), (0.000000, 0.000000, 1.000000), (0.000000, 1.000000, 0.000000)
cylinder, 40, 6, 40000000, 0.472541, 0.612205, 0.236896, 0.408548, 0.268926, 0.644168, -0.527459, -0.387795, -0.763104, 24.5518, 16.4497
(-18.006248, -0.403115, 2.075540), (0.500000, 10.000000, 1.000000), (-0.212663, -0.198271, 0.956798), (-0.977126, 0.042639, -0.208345), (-0.000512, 0.979219, 0.202803)
(-14.408589, -0.533545, 17.408185), (0.500000, 10.000000, 1.000000), (0.269845, -0.750756, -0.602950), (0.953345, 0.120290, 0.276883), (0.135343, 0.649535, -0.748189)
(24.530735, 0.183756, -18.546752), (0.500000, 10.000000, 1.000000), (-0.742513, -0.143490, 0.654282), (0.664428, -0.033964, 0.746580), (0.084904, -0.989069, -0.120558)
(-29.697293, -1.675441, -10.919949), (0.500000, 10.000000, 1.000000), (0.856790, 0.053705, 0.512861), (-0.513064, -0.010986, 0.858280), (-0.051729, 0.998496, -0.018141)
(18.378629, -1.623991, 4.234867), (0.500000, 10.000000, 1.000000), (0.698287, 0.007192, -0.715782), (0.715773, 0.004172, 0.698321), (-0.008009, 0.999965, 0.002235)
(-6.023509, 0.237682, -17.207294), (0.500000, 10.000000, 1.000000), (-0.693243, 0.587059, 0.418063), (-0.475125, 0.063900, -0.877595), (0.541914, 0.807019, -0.234628)
(-2.120062, 1.868944, 6.000692), (0.500000, 10.000000, 1.000000), (0.160006, -0.970684, -0.179361), (0.771848, 0.009761, 0.635732), (0.615345, 0.240160, -0.750782)
(11.978620, 0.450207, -12.895222), (0.500000, 10.000000, 1.000000), (0.890937, 0.359462, -0.277521), (0.283094, 0.038220, 0.958330), (-0.355091, 0.932377, 0.067710)
(1.048521, 0.348095, 13.939644), (0.500000, 10.000000, 1.000000), (-0.172001, 0.985016, 0.012603), (-0.915193, -0.155049, -0.371995), (0.364467, 0.075518, -0.928149)
(-23.343612, -1.538650, 23.590255), (0.500000, 10.000000, 1.000000), (0.566617, -0.126221, -0.814257), (0.820344, -0.006342, 0.571835), (0.077341, 0.991982, -0.099951)
(-2.185413, 2.026001, 33.518787), (0.500000, 10.000000, 1.000000), (-0.099581, -0.976067, 0.193329), (0.903283, -0.007186, 0.428984), (0.417328, -0.217350, -0.882381)
(36.567318, -1.510877, 5.847610), (0.500000, 10.000000, 1.000000), (0.982635, -0.156207, 0.100142), (-0.106053, -0.029960, 0.993909), (0.152256, 0.987270, 0.046006)
(-19.002566, -1.861154, -5.024120), (0.500000, 10.000000, 1.000000), (-0.067834, 0.149332, -0.986458), (0.997684, 0.005131, -0.067830), (0.005068, 0.988774, 0.149334)
(-26.880200, -1.294546, 17.450976), (0.500000, 10.000000, 1.000000), (0.047679, -0.965596, -0.255638), (0.891570, -0.074253, 0.446755), (0.450367, 0.249220, -0.857356)
(17.809463, -1.916995, 16.336346), (0.500000, 10.000000, 1.000000), (-0.016473, -0.998701, -0.048220), (0.599451, -0.048463, 0.798943), (0.800242, 0.015744, -0.599471)
(17.756057, -0.738046, 22.130615), (0.500000, 10.000000, 1.000000), (-0.435123, 0.862308, 0.259025), (0.312521, -0.125153, 0.941630), (-0.844393, -0.490675, 0.215033)
(3.474670, 1.694035, -36.000307), (0.500000, 10.000000, 1.000000), (0.055990, -0.971523, -0.230237), (0.996024, 0.038347, 0.080405), (0.069286, 0.233823, -0.969807)
(-24.939700, 1.917931, 22.203228), (0.500000, 10.000000, 1.000000), (0.038772, -0.995611, -0.085182), (0.741498, -0.028477, 0.670350), (0.669834, 0.089153, -0.737139)
(-16.834565, -1.226012, 31.658751), (0.500000, 10.000000, 1.000000), (-0.169057, -0.951481, 0.257104), (0.946082, -0.083528, 0.312972), (0.276312, -0.296152, -0.914301)
(26.520599, 1.683373, 20.777127), (0.500000, 10.000000, 1.000000), (-0.779974, 0.318934, -0.538444), (-0.568997, -0.003206, 0.822333), (-0.260543, -0.947772, -0.183973)
(3.510437, -1.557024, -20.292800), (0.500000, 10.000000, 1.000000), (0.067556, -0.980008, -0.187138), (-0.841669, 0.044740, -0.538137), (-0.535751, -0.193863, 0.821820)
(19.749135, -0.462920, 11.199888), (0.500000, 10.000000, 1.000000), (0.033353, -0.997057, 0.069032), (0.610498, 0.075011, 0.788458), (0.791315, -0.015846, -0.611203)
(34.413205, 0.680657, -4.456899), (0.500000, 10.000000, 1.000000), (-0.458373, -0.886859, -0.058089), (-0.160791, 0.018468, 0.986816), (0.874094, -0.461670, 0.151064)
(-14.356040, 0.270324, 22.577626), (0.500000, 10.000000, 1.000000), (-0.566943, -0.355342, 0.743174), (-0.817974, 0.136131, -0.558916), (-0.097437, 0.924771, 0.367839)
(33.335524, 2.193734, -1.706372), (0.500000, 10.000000, 1.000000), (-0.009787, 0.999841, -0.014920), (-0.112858, 0.013721, 0.993516), (-0.993563, -0.011407, -0.112706)
(-3.844831, 1.691182, -18.636294), (0.500000, 10.000000, 1.000000), (-0.178558, 0.983917, 0.004956), (0.378676, 0.064070, 0.923309), (-0.908142, -0.166741, 0.384026)
(2.427815, 1.024798, 28.533776), (0.500000, 10.000000, 1.000000), (-0.591798, -0.005011, 0.806071), (0.803043, 0.083149, 0.590092), (0.069981, -0.996525, 0.045183)
(-26.305044, 0.506465, -13.230665), (0.500000, 10.000000, 1.000000), (0.105232, 0.959713, 0.260532), (-0.506463, -0.173743, 0.844576), (-0.855816, 0.220827, -0.467776)
(-6.119750, 1.336425, -8.554211), (0.500000, 10.000000, 1.000000), (-0.110937, 0.993754, -0.012098), (0.784357, 0.095024, 0.612988), (-0.610309, -0.058514, 0.789999)
(-31.236201, 0.788689, -7.874252), (0.500000, 10.000000, 1.000000), (0.035111, -0.999197, 0.019322), (0.279657, -0.008738, -0.960060), (-0.959458, -0.039112, -0.279125)
(20.608347, 2.197517, -27.478810), (0.500000, 10.000000, 1.000000), (0.151174, -0.983424, -0.100117), (0.545149, -0.001545, 0.838338), (0.824596, 0.181314, -0.535879)
(2.300229, 0.467408, -5.889219), (0.500000, 10.000000, 1.000000), (0.861601, 0.104996, -0.496608), (0.494983, 0.042870, 0.867845), (-0.112410, 0.993548, 0.015034)
(-21.359771, -2.326587, 0.145741), (0.500000, 10.000000, 1.000000), (-0.011495, 0.999844, -0.013395), (0.986337, 0.013540, 0.164182), (-0.164338, 0.011324, 0.986339)
(-12.092784, -0.876828, 11.887307), (0.500000, 10.000000, 1.000000), (-0.163593, -0.985961, 0.033451), (-0.844089, 0.122341, -0.522060), (-0.510638, 0.113641, 0.852252)
(-12.948176, -0.127923, 26.428536), (0.500000, 10.000000, 1.000000), (-0.038470, -0.980690, -0.191748), (-0.783350, 0.148732, -0.603524), (-0.620389, -0.126988, 0.773946)
(-3.276778, 1.474944, -28.521433), (0.500000, 10.000000, 1.000000), (-0.159215, 0.273469, 0.948612), (0.987227, 0.038512, 0.154593), (-0.005744, -0.961110, 0.276107)
(-0.860614, -2.140061, -10.003518), (0.500000, 10.000000, 1.000000), (0.067088, 0.996311, -0.053509), (-0.499260, -0.012911, -0.866356), (0.863851, -0.084837, -0.496552)
(22.596608, 1.011001, -3.435500), (0.500000, 10.000000, 1.000000), (0.540272, 0.785510, -0.301796), (-0.412477, -0.065393, -0.908618), (0.733464, -0.615384, -0.288675)
(9.551897, -0.004804, 19.869698), (0.500000, 10.000000, 1.000000), (0.337742, -0.822981, -0.456763), (0.907190, 0.155283, 0.391015), (0.250871, 0.546433, -0.799046)
(36.810495, 1.544701, 6.907370), (0.500000, 10.000000, 1.000000), (0.210994, 0.976784, 0.037075), (0.199834, -0.005976, -0.979811), (0.956843, -0.214143, 0.196456)
(3.026871, -1.691330, -29.502463), (0.500000, 10.000000, 1.000000), (-0.091609, -0.884489, 0.457479), (0.988049, -0.023545, 0.152331), (0.123964, -0.465967, -0.876075)
(3.642482, 0.036843, 27.255868), (0.500000, 10.000000, 1.000000), (-0.405127, -0.801286, 0.440241), (0.756788, -0.023734, 0.653229), (0.512975, -0.597810, -0.616019)
(12.529520, 2.026459, -17.234284), (0.500000, 10.000000, 1.000000), (-0.053581, 0.998179, -0.027710), (-0.088165, 0.022912, 0.995842), (-0.994664, -0.055801, -0.086776)
(1.787662, -0.647661, 1.304067), (0.500000, 10.000000, 1.000000), (-0.120671, -0.992683, 0.004414), (0.522288, -0.059707, 0.850676), (0.844188, -0.104957, -0.525671)
(9.027808, 0.344754, -12.317651), (0.500000, 10.000000, 1.000000), (0.257921, 0.963774, -0.067941), (-0.377877, 0.035907, -0.925159), (0.889205, -0.264291, -0.373449)
(6.008037, -1.782090, 16.282033), (0.500000, 10.000000, 1.000000), (-0.270788, -0.909582, 0.315174), (0.782281, -0.017125, 0.622690), (0.560990, -0.415172, -0.716186)
(-20.886623, -0.161912, 20.031657), (0.500000, 10.000000, 1.000000), (-0.005245, -0.981212, -0.192859), (0.753072, -0.130765, 0.644812), (0.657917, 0.141855, -0.739610)
(-26.015442, -1.963284, 10.397638), (0.500000, 10.000000, 1.000000), (-0.005780, -0.955469, 0.295035), (0.998873, 0.008380, 0.046708), (0.047100, -0.294973, -0.954344)
(-8.959257, 1.566977, 10.641099), (0.500000, 10.000000, 1.000000), (-0.025310, -0.997422, 0.067148), (0.847986, 0.014151, 0.529830), (0.529414, -0.070351, -0.845441)
(21.074103, -0.360535, -25.853388), (0.500000, 10.000000, 1.000000), (-0.463473, 0.049050, 0.884752), (0.883963, -0.043889, 0.465493), (-0.061663, -0.997832, 0.023017)
(-8.111327, -0.664220, 36.365289), (0.500000, 10.000000, 1.000000), (0.191722, 0.196960, -0.961483), (-0.977657, 0.124361, -0.169471), (-0.086192, -0.972492, -0.216402)
(19.091964, 0.752302, -3.524413), (0.500000, 10.000000, 1.000000), (0.419996, 0.871835, -0.252005), (-0.403241, -0.069489, -0.912452), (0.813019, -0.484845, -0.322374)
(-8.789869, 1.947928, 6.865810), (0.500000, 10.000000, 1.000000), (-0.212618, -0.895972, 0.389908), (0.885345, -0.007795, 0.464869), (0.413470, -0.444043, -0.794902)
(32.619145, -0.791300, 3.426235), (0.500000, 10.000000, 1.000000), (0.942043, 0.166335, 0.291354), (-0.311617, 0.112080, 0.943575), (-0.124295, 0.979679, -0.157417)
(2.633063, 0.711360, 6.917676), (0.500000, 10.000000, 1.000000), (-0.591571, -0.568803, 0.571407), (-0.712426, 0.036962, -0.700773), (-0.377482, 0.821643, 0.427096)
(-11.939899, -1.439695, -10.972922), (0.500000, 10.000000, 1.000000), (0.075216, 0.979630, -0.186190), (0.684618, 0.085026, 0.723926), (-0.725011, 0.181920, 0.664278)
(6.662682, -0.705445, -4.905283), (0.500000, 10.000000, 1.000000), (-0.219727, 0.958418, 0.182086), (0.611352, -0.010176, 0.791293), (-0.760242, -0.285187, 0.583695)
(15.888105, -1.600437, -10.664959), (0.500000, 10.000000, 1.000000), (0.073810, -0.995925, -0.051831), (-0.946557, -0.053599, -0.318051), (-0.313977, -0.072536, 0.946656)
(-30.684421, -1.799087, -12.121443), (0.500000, 10.000000, 1.000000), (0.824991, 0.280326, 0.490720), (0.510498, 0.002859, -0.859874), (0.242449, -0.959901, 0.140747)
(2.856502, 1.401690, 1.997977), (0.500000, 10.000000, 1.000000), (-0.277604, 0.911850, 0.302432), (-0.822166, -0.062646, -0.565790), (0.496970, 0.405715, -0.767083)
(-4.150262, -1.743286, -11.217771), (0.500000, 10.000000, 1.000000), (-0.194193, -0.978344, 0.071641), (0.475564, -0.030017, 0.879169), (0.857979, -0.204798, -0.471094)
(-25.620872, -0.722690, 9.019796), (0.500000, 10.000000, 1.000000), (0.184536, -0.972425, -0.142606), (0.886467, 0.102026, 0.451405), (0.424408, 0.209716, -0.880850)
(17.917876, 1.334741, 10.731069), (0.500000, 10.000000, 1.000000), (-0.557973, 0.739878, 0.375828), (0.576592, 0.019937, 0.816789), (-0.596831, -0.672446, 0.437731)
(-21.146448, -1.720533, -23.142560), (0.500000, 10.000000, 1.000000), (-0.318040, 0.944093, -0.086832), (0.198178, -0.023363, -0.979888), (0.927133, 0.328851, 0.179668)
(-21.762777, -0.006602, -18.320172), (0.500000, 10.000000, 1.000000), (0.133817, 0.989997, -0.044714), (0.283269, 0.005026, 0.959027), (-0.949659, 0.141001, 0.279763)
(-13.094850, -2.075437, 6.668365), (0.500000, 10.000000, 1.000000), (0.046485, 0.943701, 0.327517), (0.991337, -0.003262, -0.131304), (0.122843, -0.330783, 0.935677)
(-18.436850, -0.712722, 4.114780), (0.500000, 10.000000, 1.000000), (-0.018887, -0.996788, 0.077821), (0.966624, 0.001686, 0.256193), (0.255501, -0.080062, -0.963488)
(-1.283355, -1.729536, -33.443115), (0.500000, 10.000000, 1.000000), (0.107873, 0.034409, 0.993569), (-0.994163, 0.005571, 0.107745), (0.001827, 0.999392, -0.034809)
(-5.401360, -1.734682, 26.937451), (0.500000, 10.000000, 1.000000), (0.602371, -0.002868, -0.798211), (0.798102, 0.019090, 0.602220), (-0.013511, 0.999814, -0.013788)
(18.445141, -1.958278, 11.411327), (0.500000, 10.000000, 1.000000), (-0.195578, -0.960332, 0.198776), (0.666722, 0.018439, 0.745078), (0.719187, -0.278249, -0.636669)
(8.933544, 1.435148, 0.610912), (0.500000, 10.000000, 1.000000), (0.551014, -0.766477, -0.329995), (0.537871, 0.023864, 0.842689), (0.638026, 0.641829, -0.425415)
(-13.699394, 0.729330, -18.365685), (0.500000, 10.000000, 1.000000), (-0.709800, 0.053933, 0.702335), (0.694058, -0.116701, 0.710397), (-0.120277, -0.991702, -0.045401)
(-27.578160, 1.410031, 23.759999), (0.500000, 10.000000, 1.000000), (-0.028146, -0.992387, 0.119901), (0.653469, 0.072502, 0.753473), (0.756430, -0.099559, -0.646453)
(-28.097559, 2.344489, -12.582806), (0.500000, 10.000000, 1.000000), (-0.042888, -0.999076, -0.002776), (0.294087, -0.009969, -0.955727), (-0.954816, 0.041805, -0.294243)
(-29.316525, 1.852043, 5.104505), (0.500000, 10.000000, 1.000000), (0.010466, 0.993483, 0.113501), (0.875094, 0.045822, -0.481779), (0.483840, -0.104367, 0.868911)
(-28.205436, 0.486634, -5.237724), (0.500000, 10.000000, 1.000000), (-0.222383, 0.973911, 0.045201), (-0.567341, -0.166972, 0.806378), (-0.792888, -0.153680, -0.589671)
(1.854417, 0.198367, 21.596267), (0.500000, 10.000000, 1.000000), (-0.647342, 0.174368, 0.741987), (0.750980, -0.020505, 0.660007), (-0.130298, -0.984467, 0.117673)
(22.051908, 0.884364, 7.552491), (0.500000, 10.000000, 1.000000), (-0.508950, 0.750399, 0.421748), (0.678569, 0.048293, 0.732947), (-0.529636, -0.659218, 0.533776)
(-10.961566, 2.092088, -9.782984), (0.500000, 10.000000, 1.000000), (0.223430, 0.957558, -0.182106), (0.606735, 0.009591, 0.794846), (-0.762857, 0.288082, 0.578841)
(-34.232983, 1.197578, -8.529092), (0.500000, 10.000000, 1.000000), (0.903295, -0.391451, 0.175570), (-0.211298, -0.049766, 0.976154), (0.373379, 0.918852, 0.127667)
(-4.274500, 0.568657, -31.347371), (0.500000, 10.000000, 1.000000), (0.002847, 0.996513, -0.083390), (-0.992399, -0.007444, -0.122838), (0.123031, -0.083106, -0.988917)
(30.904066, 0.376051, -0.885272), (0.500000, 10.000000, 1.000000), (0.872992, 0.450017, 0.188071), (0.207059, 0.007176, -0.978302), (0.441602, -0.892991, 0.086915)
(25.399186, -1.666304, -20.287916), (0.500000, 10.000000, 1.000000), (-0.096066, -0.995056, 0.025188), (0.901928, -0.076314, 0.425090), (0.421066, -0.063555, -0.904801)
(-1.893413, 0.773082, -16.938617), (0.500000, 10.000000, 1.000000), (-0.437072, 0.886298, 0.153115), (-0.507455, -0.102442, -0.855567), (0.742602, 0.451644, -0.494531)
(-7.039630, 1.738622, -32.243055), (0.500000, 10.000000, 1.000000), (0.003816, -0.996541, 0.083020), (-0.971260, -0.023452, -0.236864), (-0.237992, 0.079730, 0.967989)
(-5.900402, 2.125463, 16.767524), (0.500000, 10.000000, 1.000000), (0.081633, 0.993665, -0.077241), (0.766203, -0.013005, 0.642467), (-0.637392, 0.111629, 0.762411)
(-17.392336, -0.998873, 25.804457), (0.500000, 10.000000, 1.000000), (0.585856, -0.084747, -0.805972), (0.807834, -0.018235, 0.589127), (0.064624, 0.996236, -0.057779)
(7.680330, 1.407086, 24.170554), (0.500000, 10.000000, 1.000000), (0.402482, 0.752567, -0.521202), (0.758458, 0.044667, 0.650190), (-0.512592, 0.656999, 0.552813)
(-7.538419, 0.443245, -17.121030), (0.500000, 10.000000, 1.000000), (-0.842738, 0.247897, 0.477849), (0.507791, 0.071371, 0.858518), (-0.178719, -0.966154, 0.186027)
(18.142369, 1.631149, 6.190302), (0.500000, 10.000000, 1.000000), (-0.698260, -0.433027, 0.570019), (-0.633375, 0.002671, -0.773841), (-0.333571, 0.901377, 0.276133)
(18.531877, -1.306882, -0.429469), (0.500000, 10.000000, 1.000000), (0.734229, 0.038429, -0.677813), (0.676339, 0.045255, 0.735199), (-0.058927, 0.998236, -0.007236)
(-13.297594, 0.900166, -10.094579), (0.500000, 10.000000, 1.000000), (-0.073715, -0.996780, 0.031563), (0.566089, -0.015766, 0.824193), (0.821042, -0.078623, -0.565428)
(30.863064, -2.143534, 0.847946), (0.500000, 10.000000, 1.000000), (-0.270461, 0.961582, -0.047027), (0.146143, -0.007275, -0.989237), (0.951574, 0.274423, 0.138561)
(28.045829, -0.746889, 19.503797), (0.500000, 10.000000, 1.000000), (-0.000289, 0.999220, 0.039484), (-0.451603, -0.035359, 0.891518), (-0.892219, 0.017573, -0.451261)
(1.177141, 0.510818, -33.923848), (0.500000, 10.000000, 1.000000), (0.034749, 0.810064, -0.585310), (0.994451, 0.030165, 0.100787), (-0.099299, 0.585565, 0.804521)
(23.608355, 0.945128, -27.124442), (0.500000, 10.000000, 1.000000), (0.208886, 0.861167, -0.463419), (0.811051, 0.112216, 0.574111), (-0.546409, 0.495781, 0.675010)
(8.640197, 1.387547, 21.279725), (0.500000, 10.000000, 1.000000), (0.479916, -0.348412, -0.805164), (0.848204, -0.050188, 0.527287), (0.224123, 0.935997, -0.271438)
(-7.597781, -2.137972, -36.055625), (0.500000, 10.000000, 1.000000), (0.017613, 0.999828, 0.005876), (-0.988215, 0.016514, 0.152178), (-0.152054, 0.008487, -0.988336)
(9.328136, -0.415686, 3.527677), (0.500000, 10.000000, 1.000000), (0.785309, 0.358794, -0.504535), (0.492829, 0.130955, 0.860215), (-0.374712, 0.924185, 0.073984)
(24.815377, 0.845173, -5.223948), (0.500000, 10.000000, 1.000000), (0.759559, 0.588875, -0.276218), (0.372798, -0.046145, 0.926764), (-0.533002, 0.806906, 0.254581)
(-36.939719, -0.237512, -4.055229), (0.500000, 10.000000, 1.000000), (0.989341, -0.014532, 0.144892), (0.145605, 0.112452, -0.982931), (0.002010, -0.993551, -0.113369)
(21.933980, 0.539278, -18.059192), (0.500000, 10.000000, 1.000000), (0.307493, -0.880839, -0.359959), (0.636204, -0.090992, 0.766137), (0.707597, 0.464589, -0.532414)
(-32.132859, -1.893177, -17.460500), (0.500000, 10.000000, 1.000000), (0.074605, 0.997154, 0.010908), (-0.506127, 0.028437, 0.861990), (-0.859226, 0.069830, -0.506808)
(-14.285292, -1.500610, -22.195900), (0.500000, 10.000000, 1.000000), (0.288136, 0.945489, -0.151751), (-0.291252, -0.064435, -0.954474), (0.912222, -0.319217, -0.256810)
(3.325646, 0.465071, 10.290227), (0.500000, 10.000000, 1.000000), (0.468796, -0.739093, -0.483706), (0.706227, -0.015290, 0.707820), (0.530541, 0.673430, -0.514800)
(26.870729, -2.085937, -15.107814), (0.500000, 10.000000, 1.000000), (0.134834, 0.973282, -0.185856), (-0.840964, 0.013208, -0.540930), (0.524023, -0.229234, -0.820275)
