120, 1, 15.9155
cylinder, 40, 6, 0, 1, 1, 1, 1, 1, 1, 0, 0, 0, 0, 0
(-23.100000, 0.000000, -0.050000), (0.500000, 10.000000, 1.000000), (1.000000, 0.000000, 0.000000), (0.000000, 0.000000, 1.000000), (0.000000, 1.000000, 0.000000)
(-17.900000, 0.000000, 22.660679), (0.500000, 10.000000, 1.000000), (1.000000, 0.000000, 0.000000), (0.000000, 0.000000, 1.000000), (0.000000, 1.000000, 0.000000)
(27.600000, 0.000000, -12.850792), (0.500000, 10.000000, 1.000000), (1.000000, 0.000000, 0.000000), (0.000000, 0.000000, 1.000000), (0.000000, 1.000000, 0.000000)
(-27.000000, 0.000000, -13.037570), (0.500000, 10.000000, 1.000000), (1.000000, 0.000000, 0.000000), (0.000000, 0.000000, 1.000000), (0.000000, 1.000000, 0.000000)
(26.300000, 2.000000, 13.246061), (0.500000, 10.000000, 1.000000), (1.000000, 0.000000, 0.000000), (0.000000, 0.000000, 1.000000), (0.000000, 1.000000, 0.000000)
(-37.400000, -2.000000, 0.050000), (0.500000, 10.000000, 1.000000), (1.000000, 0.000000, 0.000000), (0.000000, 0.000000, 1.000000), (0.000000, 1.000000, 0.000000)
(-11.400000, -2.000000, 23.945550), (0.500000, 10.000000, 1.000000), (1.000000, 0.000000, 0.000000), (0.000000, 0.000000, 1.000000), (0.000000, 1.000000, 0.000000)
(-29.600000, 0.000000, -12.168092), (0.500000, 10.000000, 1.000000), (1.000000, 0.000000, 0.000000), (0.000000, 0.000000, 1.000000), (0.000000, 1.000000, 0.000000)
(0.300000, 0.000000, 24.774437), (0.500000, 10.000000, 1.000000), (1.000000, 0.000000, 0.000000), (0.000000, 0.000000, 1.000000), (0.000000, 1.000000, 0.000000)
(19.800000, 2.000000, -22.252859), (0.500000, 10.000000, 1.000000), (1.000000, 0.000000, 0.000000), (0.000000, 0.000000, 1.000000), (0.000000, 1.000000, 0.000000)
(-28.300000, -2.000000, 12.622845), (0.500000, 10.000000, 1.000000), (1.000000, 0.000000, 0.000000), (0.000000, 0.000000, 1.000000), (0.000000, 1.000000, 0.000000)
(-16.600000, 0.000000, -23.071428), (0.500000, 10.000000, 1.000000), (1.000000, 0.000000, 0.000000), (0.000000, 0.000000, 1.000000), (0.000000, 1.000000, 0.000000)
(-24.400000, -2.000000, 20.623028), (0.500000, 10.000000, 1.000000), (1.000000, 0.000000, 0.000000), (0.000000, 0.000000, 1.000000), (0.000000, 1.000000, 0.000000)
(12.000000, -2.000000, 23.853784), (0.500000, 10.000000, 1.000000), (1.000000, 0.000000, 0.000000), (0.000000, 0.000000, 1.000000), (0.000000, 1.000000, 0.000000)
(8.100000, 2.000000, 24.360645), (0.500000, 10.000000, 1.000000), (1.000000, 0.000000, 0.000000), (0.000000, 0.000000, 1.000000), (0.000000, 1.000000, 0.000000)
(27.600000, 2.000000, 12.850792), (0.500000, 10.000000, 1.000000), (1.000000, 0.000000, 0.000000), (0.000000, 0.000000, 1.000000), (0.000000, 1.000000, 0.000000)
(6.800000, 0.000000, -0.050000), (0.500000, 10.000000, 1.000000), (1.000000, 0.000000, 0.000000), (0.000000, 0.000000, 1.000000), (0.000000, 1.000000, 0.000000)
(-27.000000, -2.000000, 13.037570), (0.500000, 10.000000, 1.000000), (1.000000, 0.000000, 0.000000), (0.000000, 0.000000, 1.000000), (0.000000, 1.000000, 0.000000)
(-29.600000, -2.000000, 12.168092), (0.500000, 10.000000, 1.000000), (1.000000, 0.000000, 0.000000), (0.000000, 0.000000, 1.000000), (0.000000, 1.000000, 0.000000)
(0.300000, 0.000000, -0.050000), (0.500000, 10.000000, 1.000000), (1.000000, 0.000000, 0.000000), (0.000000, 0.000000, 1.000000), (0.000000, 1.000000, 0.000000)
(19.800000, -2.000000, -0.050000), (0.500000, 10.000000, 1.000000), (1.000000, 0.000000, 0.000000), (0.000000, 0.000000, 1.000000), (0.000000, 1.000000, 0.000000)
(-7.500000, -2.000000, -24.520292), (0.500000, 10.000000, 1.000000), (1.000000, 0.000000, 0.000000), (0.000000, 0.000000, 1.000000), (0.000000, 1.000000, 0.000000)
(-4.900000, 2.000000, -24.724370), (0.500000, 10.000000, 1.000000), (1.000000, 0.000000, 0.000000), (0.000000, 0.000000, 1.000000), (0.000000, 1.000000, 0.000000)
(35.400000, 2.000000, 0.050000), (0.500000, 10.000000, 1.000000), (1.000000, 0.000000, 0.000000), (0.000000, 0.000000, 1.000000), (0.000000, 1.000000, 0.000000)
(0.300000, -2.000000, -24.874437), (0.500000, 10.000000, 1.000000), (1.000000, 0.000000, 0.000000), (0.000000, 0.000000, 1.000000), (0.000000, 1.000000, 0.000000)
(-2.300000, 0.000000, -0.050000), (0.500000, 10.000000, 1.000000), (1.000000, 0.000000, 0.000000), (0.000000, 0.000000, 1.000000), (0.000000, 1.000000, 0.000000)
(-1.000000, 2.000000, -24.868749), (0.500000, 10.000000, 1.000000), (1.000000, 0.000000, 0.000000), (0.000000, 0.000000, 1.000000), (0.000000, 1.000000, 0.000000)
(25.000000, -2.000000, 20.387495), (0.500000, 10.000000, 1.000000), (1.000000, 0.000000, 0.000000), (0.000000, 0.000000, 1.000000), (0.000000, 1.000000, 0.000000)
(-11.400000, 2.000000, -0.050000), (0.500000, 10.000000, 1.000000), (1.000000, 0.000000, 0.000000), (0.000000, 0.000000, 1.000000), (0.000000, 1.000000, 0.000000)
(5.500000, 2.000000, -24.685035), (0.500000, 10.000000, 1.000000), (1.000000, 0.000000, 0.000000), (0.000000, 0.000000, 1.000000), (0.000000, 1.000000, 0.000000)
(-10.100000, 2.000000, 24.126938), (0.500000, 10.000000, 1.000000), (1.000000, 0.000000, 0.000000), (0.000000, 0.000000, 1.000000), (0.000000, 1.000000, 0.000000)
(-36.100000, 0.000000, 0.050000), (0.500000, 10.000000, 1.000000), (1.000000, 0.000000, 0.000000), (0.000000, 0.000000, 1.000000), (0.000000, 1.000000, 0.000000)
(21.100000, 2.000000, -21.866101), (0.500000, 10.000000, 1.000000), (1.000000, 0.000000, 0.000000), (0.000000, 0.000000, 1.000000), (0.000000, 1.000000, 0.000000)
(-32.200000, -2.000000, 11.110331), (0.500000, 10.000000, 1.000000), (1.000000, 0.000000, 0.000000), (0.000000, 0.000000, 1.000000), (0.000000, 1.000000, 0.000000)
(6.800000, 2.000000, -24.583881), (0.500000, 10.000000, 1.000000), (1.000000, 0.000000, 0.000000), (0.000000, 0.000000, 1.000000), (0.000000, 1.000000, 0.000000)
(-30.900000, -2.000000, 11.666864), (0.500000, 10.000000, 1.000000), (1.000000, 0.000000, 0.000000), (0.000000, 0.000000, 1.000000), (0.000000, 1.000000, 0.000000)
(22.400000, 0.000000, -21.444852), (0.500000, 10.000000, 1.000000), (1.000000, 0.000000, 0.000000), (0.000000, 0.000000, 1.000000), (0.000000, 1.000000, 0.000000)
(36.700000, 0.000000, 0.050000), (0.500000, 10.000000, 1.000000), (1.000000, 0.000000, 0.000000), (0.000000, 0.000000, 1.000000), (0.000000, 1.000000, 0.000000)
(31.500000, 0.000000, 11.417529), (0.500000, 10.000000, 1.000000), (1.000000, 0.000000, 0.000000), (0.000000, 0.000000, 1.000000), (0.000000, 1.000000, 0.000000)
(12.000000, 2.000000, -23.953784), (0.500000, 10.000000, 1.000000), (1.000000, 0.000000, 0.000000), (0.000000, 0.000000, 1.000000), (0.000000, 1.000000, 0.000000)
(-20.500000, 2.000000, 21.948744), (0.500000, 10.000000, 1.000000), (1.000000, 0.000000, 0.000000), (0.000000, 0.000000, 1.000000), (0.000000, 1.000000, 0.000000)
(32.800000, 2.000000, -10.831514), (0.500000, 10.000000, 1.000000), (1.000000, 0.000000, 0.000000), (0.000000, 0.000000, 1.000000), (0.000000, 1.000000, 0.000000)
(34.100000, 0.000000, 0.050000), (0.500000, 10.000000, 1.000000), (1.000000, 0.000000, 0.000000), (0.000000, 0.000000, 1.000000), (0.000000, 1.000000, 0.000000)
(9.400000, -2.000000, -0.050000), (0.500000, 10.000000, 1.000000), (1.000000, 0.000000, 0.000000), (0.000000, 0.000000, 1.000000), (0.000000, 1.000000, 0.000000)
(5.500000, -2.000000, 24.585035), (0.500000, 10.000000, 1.000000), (1.000000, 0.000000, 0.000000), (0.000000, 0.000000, 1.000000), (0.000000, 1.000000, 0.000000)
(-15.300000, 2.000000, -23.354110), (0.500000, 10.000000, 1.000000), (1.000000, 0.000000, 0.000000), (0.000000, 0.000000, 1.000000), (0.000000, 1.000000, 0.000000)
(-16.600000, 2.000000, 22.971428), (0.500000, 10.000000, 1.000000), (1.000000, 0.000000, 0.000000), (0.000000, 0.000000, 1.000000), (0.000000, 1.000000, 0.000000)
(18.500000, -2.000000, -0.050000), (0.500000, 10.000000, 1.000000), (1.000000, 0.000000, 0.000000), (0.000000, 0.000000, 1.000000), (0.000000, 1.000000, 0.000000)
(13.300000, -2.000000, 23.637065), (0.500000, 10.000000, 1.000000), (1.000000, 0.000000, 0.000000), (0.000000, 0.000000, 1.000000), (0.000000, 1.000000, 0.000000)
(-24.400000, -2.000000, -0.050000), (0.500000, 10.000000, 1.000000), (1.000000, 0.000000, 0.000000), (0.000000, 0.000000, 1.000000), (0.000000, 1.000000, 0.000000)
(27.600000, -2.000000, 12.850792), (0.500000, 10.000000, 1.000000), (1.000000, 0.000000, 0.000000), (0.000000, 0.000000, 1.000000), (0.000000, 1.000000, 0.000000)
(18.500000, 2.000000, 22.507386), (0.500000, 10.000000, 1.000000), (1.000000, 0.000000, 0.000000), (0.000000, 0.000000, 1.000000), (0.000000, 1.000000, 0.000000)
(-33.500000, 0.000000, -10.485831), (0.500000, 10.000000, 1.000000), (1.000000, 0.000000, 0.000000), (0.000000, 0.000000, 1.000000), (0.000000, 1.000000, 0.000000)
(-17.900000, 2.000000, -0.050000), (0.500000, 10.000000, 1.000000), (1.000000, 0.000000, 0.000000), (0.000000, 0.000000, 1.000000), (0.000000, 1.000000, 0.000000)
(-19.200000, 0.000000, 22.320370), (0.500000, 10.000000, 1.000000), (1.000000, 0.000000, 0.000000), (0.000000, 0.000000, 1.000000), (0.000000, 1.000000, 0.000000)
(-8.800000, -2.000000, -0.050000), (0.500000, 10.000000, 1.000000), (1.000000, 0.000000, 0.000000), (0.000000, 0.000000, 1.000000), (0.000000, 1.000000, 0.000000)
(-4.900000, -2.000000, -24.724370), (0.500000, 10.000000, 1.000000), (1.000000, 0.000000, 0.000000), (0.000000, 0.000000, 1.000000), (0.000000, 1.000000, 0.000000)
(1.600000, 2.000000, -24.858994), (0.500000, 10.000000, 1.000000), (1.000000, 0.000000, 0.000000), (0.000000, 0.000000, 1.000000), (0.000000, 1.000000, 0.000000)
(32.800000, -2.000000, -10.831514), (0.500000, 10.000000, 1.000000), (1.000000, 0.000000, 0.000000), (0.000000, 0.000000, 1.000000), (0.000000, 1.000000, 0.000000)
(-17.900000, -2.000000, -22.760679), (0.500000, 10.000000, 1.000000), (1.000000, 0.000000, 0.000000), (0.000000, 0.000000, 1.000000), (0.000000, 1.000000, 0.000000)
(-23.100000, 2.000000, 21.102814), (0.500000, 10.000000, 1.000000), (1.000000, 0.000000, 0.000000), (0.000000, 0.000000, 1.000000), (0.000000, 1.000000, 0.000000)
(-2.300000, -2.000000, 24.741910), (0.500000, 10.000000, 1.000000), (1.000000, 0.000000, 0.000000), (0.000000, 0.000000, 1.000000), (0.000000, 1.000000, 0.000000)
(9.400000, 2.000000, -24.314907), (0.500000, 10.000000, 1.000000), (1.000000, 0.000000, 0.000000), (0.000000, 0.000000, 1.000000), (0.000000, 1.000000, 0.000000)
(12.000000, 2.000000, 23.853784), (0.500000, 10.000000, 1.000000), (1.000000, 0.000000, 0.000000), (0.000000, 0.000000, 1.000000), (0.000000, 1.000000, 0.000000)
(-4.900000, -2.000000, 24.624370), (0.500000, 10.000000, 1.000000), (1.000000, 0.000000, 0.000000), (0.000000, 0.000000, 1.000000), (0.000000, 1.000000, 0.000000)
(-1.000000, 2.000000, -0.050000), (0.500000, 10.000000, 1.000000), (1.000000, 0.000000, 0.000000), (0.000000, 0.000000, 1.000000), (0.000000, 1.000000, 0.000000)
(1.600000, 2.000000, -0.050000), (0.500000, 10.000000, 1.000000), (1.000000, 0.000000, 0.000000), (0.000000, 0.000000, 1.000000), (0.000000, 1.000000, 0.000000)
(23.700000, 2.000000, -20.986409), (0.500000, 10.000000, 1.000000), (1.000000, 0.000000, 0.000000), (0.000000, 0.000000, 1.000000), (0.000000, 1.000000, 0.000000)
(-29.600000, 2.000000, 12.168092), (0.500000, 10.000000, 1.000000), (1.000000, 0.000000, 0.000000), (0.000000, 0.000000, 1.000000), (0.000000, 1.000000, 0.000000)
(-10.100000, 2.000000, -0.050000), (0.500000, 10.000000, 1.000000), (1.000000, 0.000000, 0.000000), (0.000000, 0.000000, 1.000000), (0.000000, 1.000000, 0.000000)
(25.000000, 0.000000, -0.050000), (0.500000, 10.000000, 1.000000), (1.000000, 0.000000, 0.000000), (0.000000, 0.000000, 1.000000), (0.000000, 1.000000, 0.000000)
(12.000000, 0.000000, -0.050000), (0.500000, 10.000000, 1.000000), (1.000000, 0.000000, 0.000000), (0.000000, 0.000000, 1.000000), (0.000000, 1.000000, 0.000000)
(1.600000, -2.000000, -24.858994), (0.500000, 10.000000, 1.000000), (1.000000, 0.000000, 0.000000), (0.000000, 0.000000, 1.000000), (0.000000, 1.000000, 0.000000)
(13.300000, 2.000000, -0.050000), (0.500000, 10.000000, 1.000000), (1.000000, 0.000000, 0.000000), (0.000000, 0.000000, 1.000000), (0.000000, 1.000000, 0.000000)
(38.000000, -2.000000, 0.050000), (0.500000, 10.000000, 1.000000), (1.000000, 0.000000, 0.000000), (0.000000, 0.000000, 1.000000), (0.000000, 1.000000, 0.000000)
(22.400000, -2.000000, -0.050000), (0.500000, 10.000000, 1.000000), (1.000000, 0.000000, 0.000000), (0.000000, 0.000000, 1.000000), (0.000000, 1.000000, 0.000000)
(-16.600000, -2.000000, 22.971428), (0.500000, 10.000000, 1.000000), (1.000000, 0.000000, 0.000000), (0.000000, 0.000000, 1.000000), (0.000000, 1.000000, 0.000000)
(18.500000, 0.000000, -22.607386), (0.500000, 10.000000, 1.000000), (1.000000, 0.000000, 0.000000), (0.000000, 0.000000, 1.000000), (0.000000, 1.000000, 0.000000)
(-14.000000, 0.000000, 23.509994), (0.500000, 10.000000, 1.000000), (1.000000, 0.000000, 0.000000), (0.000000, 0.000000, 1.000000), (0.000000, 1.000000, 0.000000)
(-23.100000, -2.000000, 21.102814), (0.500000, 10.000000, 1.000000), (1.000000, 0.000000, 0.000000), (0.000000, 0.000000, 1.000000), (0.000000, 1.000000, 0.000000)
(-32.200000, 0.000000, -11.110331), (0.500000, 10.000000, 1.000000), (1.000000, 0.000000, 0.000000), (0.000000, 0.000000, 1.000000), (0.000000, 1.000000, 0.000000)
(-16.600000, 0.000000, -0.050000), (0.500000, 10.000000, 1.000000), (1.000000, 0.000000, 0.000000), (0.000000, 0.000000, 1.000000), (0.000000, 1.000000, 0.000000)
(-12.700000, 2.000000, -23.840165), (0.500000, 10.000000, 1.000000), (1.000000, 0.000000, 0.000000), (0.000000, 0.000000, 1.000000), (0.000000, 1.000000, 0.000000)
(14.600000, 2.000000, 23.395150), (0.500000, 10.000000, 1.000000), (1.000000, 0.000000, 0.000000), (0.000000, 0.000000, 1.000000), (0.000000, 1.000000, 0.000000)
(-19.200000, 0.000000, -22.420370), (0.500000, 10.000000, 1.000000), (1.000000, 0.000000, 0.000000), (0.000000, 0.000000, 1.000000), (0.000000, 1.000000, 0.000000)
(17.200000, 2.000000, 22.831578), (0.500000, 10.000000, 1.000000), (1.000000, 0.000000, 0.000000), (0.000000, 0.000000, 1.000000), (0.000000, 1.000000, 0.000000)
(-34.800000, 0.000000, 0.050000), (0.500000, 10.000000, 1.000000), (1.000000, 0.000000, 0.000000), (0.000000, 0.000000, 1.000000), (0.000000, 1.000000, 0.000000)
(10.700000, 0.000000, -24.146157), (0.500000, 10.000000, 1.000000), (1.000000, 0.000000, 0.000000), (0.000000, 0.000000, 1.000000), (0.000000, 1.000000, 0.000000)
(23.700000, -2.000000, -0.050000), (0.500000, 10.000000, 1.000000), (1.000000, 0.000000, 0.000000), (0.000000, 0.000000, 1.000000), (0.000000, 1.000000, 0.000000)
(-20.500000, 0.000000, -0.050000), (0.500000, 10.000000, 1.000000), (1.000000, 0.000000, 0.000000), (0.000000, 0.000000, 1.000000), (0.000000, 1.000000, 0.000000)
(5.500000, 2.000000, -0.050000), (0.500000, 10.000000, 1.000000), (1.000000, 0.000000, 0.000000), (0.000000, 0.000000, 1.000000), (0.000000, 1.000000, 0.000000)
(-21.800000, 2.000000, -21.643721), (0.500000, 10.000000, 1.000000), (1.000000, 0.000000, 0.000000), (0.000000, 0.000000, 1.000000), (0.000000, 1.000000, 0.000000)
(-15.300000, -2.000000, -23.354110), (0.500000, 10.000000, 1.000000), (1.000000, 0.000000, 0.000000), (0.000000, 0.000000, 1.000000), (0.000000, 1.000000, 0.000000)
(31.500000, 0.000000, -11.417529), (0.500000, 10.000000, 1.000000), (1.000000, 0.000000, 0.000000), (0.000000, 0.000000, 1.000000), (0.000000, 1.000000, 0.000000)
(-6.200000, -2.000000, -0.050000), (0.500000, 10.000000, 1.000000), (1.000000, 0.000000, 0.000000), (0.000000, 0.000000, 1.000000), (0.000000, 1.000000, 0.000000)
(-12.700000, 2.000000, -0.050000), (0.500000, 10.000000, 1.000000), (1.000000, 0.000000, 0.000000), (0.000000, 0.000000, 1.000000), (0.000000, 1.000000, 0.000000)
(6.800000, 2.000000, 24.483881), (0.500000, 10.000000, 1.000000), (1.000000, 0.000000, 0.000000), (0.000000, 0.000000, 1.000000), (0.000000, 1.000000, 0.000000)
(-8.800000, -2.000000, -24.384997), (0.500000, 10.000000, 1.000000), (1.000000, 0.000000, 0.000000), (0.000000, 0.000000, 1.000000), (0.000000, 1.000000, 0.000000)
(-33.500000, -2.000000, 10.485831), (0.500000, 10.000000, 1.000000), (1.000000, 0.000000, 0.000000), (0.000000, 0.000000, 1.000000), (0.000000, 1.000000, 0.000000)
(-25.700000, 2.000000, 13.417142), (0.500000, 10.000000, 1.000000), (1.000000, 0.000000, 0.000000), (0.000000, 0.000000, 1.000000), (0.000000, 1.000000, 0.000000)
(-37.400000, 2.000000, 0.050000), (0.500000, 10.000000, 1.000000), (1.000000, 0.000000, 0.000000), (0.000000, 0.000000, 1.000000), (0.000000, 1.000000, 0.000000)
(28.900000, 2.000000, -12.418279), (0.500000, 10.000000, 1.000000), (1.000000, 0.000000, 0.000000), (0.000000, 0.000000, 1.000000), (0.000000, 1.000000, 0.000000)
(-27.000000, 2.000000, 13.037570), (0.500000, 10.000000, 1.000000), (1.000000, 0.000000, 0.000000), (0.000000, 0.000000, 1.000000), (0.000000, 1.000000, 0.000000)
(1.600000, -2.000000, 24.758994), (0.500000, 10.000000, 1.000000), (1.000000, 0.000000, 0.000000), (0.000000, 0.000000, 1.000000), (0.000000, 1.000000, 0.000000)
(-7.500000, 2.000000, -24.520292), (0.500000, 10.000000, 1.000000), (1.000000, 0.000000, 0.000000), (0.000000, 0.000000, 1.000000), (0.000000, 1.000000, 0.000000)
(-23.100000, -2.000000, -21.202814), (0.500000, 10.000000, 1.000000), (1.000000, 0.000000, 0.000000), (0.000000, 0.000000, 1.000000), (0.000000, 1.000000, 0.000000)
(-1.000000, 0.000000, 24.768749), (0.500000, 10.000000, 1.000000), (1.000000, 0.000000, 0.000000), (0.000000, 0.000000, 1.000000), (0.000000, 1.000000, 0.000000)
(15.900000, 0.000000, -23.227043), (0.500000, 10.000000, 1.000000), (1.000000, 0.000000, 0.000000), (0.000000, 0.000000, 1.000000), (0.000000, 1.000000, 0.000000)
(-15.300000, 2.000000, 23.254110), (0.500000, 10.000000, 1.000000), (1.000000, 0.000000, 0.000000), (0.000000, 0.000000, 1.000000), (0.000000, 1.000000, 0.000000)
(30.200000, -2.000000, 11.942997), (0.500000, 10.000000, 1.000000), (1.000000, 0.000000, 0.000000), (0.000000, 0.000000, 1.000000), (0.000000, 1.000000, 0.000000)
(-8.800000, 0.000000, 24.284997), (0.500000, 10.000000, 1.000000), (1.000000, 0.000000, 0.000000), (0.000000, 0.000000, 1.000000), (0.000000, 1.000000, 0.000000)
(15.900000, 0.000000, -0.050000), (0.500000, 10.000000, 1.000000), (1.000000, 0.000000, 0.000000), (0.000000, 0.000000, 1.000000), (0.000000, 1.000000, 0.000000)
(-3.600000, -2.000000, -0.050000), (0.500000, 10.000000, 1.000000), (1.000000, 0.000000, 0.000000), (0.000000, 0.000000, 1.000000), (0.000000, 1.000000, 0.000000)
(-7.500000, 2.000000, 24.420292), (0.500000, 10.000000, 1.000000), (1.000000, 0.000000, 0.000000), (0.000000, 0.000000, 1.000000), (0.000000, 1.000000, 0.000000)
(-33.500000, 2.000000, 10.485831), (0.500000, 10.000000, 1.000000), (1.000000, 0.000000, 0.000000), (0.000000, 0.000000, 1.000000), (0.000000, 1.000000, 0.000000)
(2.900000, 2.000000, -0.050000), (0.500000, 10.000000, 1.000000), (1.000000, 0.000000, 0.000000), (0.000000, 0.000000, 1.000000), (0.000000, 1.000000, 0.000000)
(26.300000, -2.000000, -13.246061), (0.500000, 10.000000, 1.000000), (1.000000, 0.000000, 0.000000), (0.000000, 0.000000, 1.000000), (0.000000, 1.000000, 0.000000)
(-4.900000, 0.000000, -0.050000), (0.500000, 10.000000, 1.000000), (1.000000, 0.000000, 0.000000), (0.000000, 0.000000, 1.000000), (0.000000, 1.000000, 0.000000)
(25.000000, -2.000000, -20.487495), (0.500000, 10.000000, 1.000000), (1.000000, 0.000000, 0.000000), (0.000000, 0.000000, 1.000000), (0.000000, 1.000000, 0.000000)
(-15.300000, 2.000000, -0.050000), (0.500000, 10.000000, 1.000000), (1.000000, 0.000000, 0.000000), (0.000000, 0.000000, 1.000000), (0.000000, 1.000000, 0.000000)
cylinder, 40, 6, 40000000, 0.576063, 0.593205, 0.294204, 0.399909, 0.382159, 0.681404, -0.423937, -0.406795, -0.705796, 28.6408, 18.565
(2.441376, -0.781169, 36.480781), (0.500000, 10.000000, 1.000000), (-0.045263, 0.998743, 0.021546), (-0.981278, -0.048492, 0.186391), (-0.187201, 0.012706, -0.982239)
(-22.064127, 0.891442, 13.494357), (0.500000, 10.000000, 1.000000), (-0.899354, -0.348526, 0.263993), (-0.264008, -0.048402, -0.963305), (-0.348514, 0.936049, 0.048483)
(13.318639, -1.063139, -9.978007), (0.500000, 10.000000, 1.000000), (-0.152688, -0.987007, 0.050028), (0.457102, -0.115413, -0.881894), (-0.876210, 0.111786, -0.468785)
(-7.323726, -1.294635, 22.262461), (0.500000, 10.000000, 1.000000), (-0.322246, -0.946462, 0.019163), (-0.102399, 0.014726, -0.994634), (-0.941101, 0.322479, 0.101663)
(-27.744418, 0.901042, -5.265037), (0.500000, 10.000000, 1.000000), (0.206507, -0.978080, 0.026731), (-0.735659, -0.137196, 0.663313), (0.645105, 0.156643, 0.747865)
(-11.903083, 0.521453, -12.934626), (0.500000, 10.000000, 1.000000), (0.171483, 0.984020, 0.047948), (-0.112303, 0.067876, -0.991353), (0.978765, -0.164615, -0.122148)
(-8.714194, 0.826768, -2.249647), (0.500000, 10.000000, 1.000000), (0.180337, 0.976274, -0.119864), (0.136845, -0.145579, -0.979837), (0.974039, -0.160298, 0.159851)
(9.700809, -1.938246, -25.648340), (0.500000, 10.000000, 1.000000), (-0.203063, -0.952477, -0.227053), (0.768862, -0.011517, -0.639311), (-0.606314, 0.304393, -0.734662)
(16.474388, 1.813596, -15.140654), (0.500000, 10.000000, 1.000000), (-0.160004, -0.986818, -0.024273), (0.296344, -0.024565, -0.954765), (-0.941583, 0.159959, -0.296368)
(32.734522, 1.518557, -9.047334), (0.500000, 10.000000, 1.000000), (0.392178, 0.910332, -0.132259), (0.303565, 0.007648, 0.952780), (-0.868358, 0.413808, 0.273346)
(2.061676, -0.252122, 31.241935), (0.500000, 10.000000, 1.000000), (-0.105977, 0.971290, 0.212989), (-0.804614, -0.209619, 0.555569), (-0.584265, 0.112497, -0.803728)
(26.415645, 1.195833, -23.310736), (0.500000, 10.000000, 1.000000), (-0.015750, -0.999275, 0.034650), (-0.814786, -0.007260, -0.579717), (-0.579548, 0.037363, 0.814081)
(8.082348, 0.397911, 24.879037), (0.500000, 10.000000, 1.000000), (0.250875, 0.743260, 0.620183), (-0.842087, -0.148423, 0.518517), (-0.477442, 0.652331, -0.588654)
(4.648513, 1.612869, -16.554010), (0.500000, 10.000000, 1.000000), (-0.200444, -0.978010, -0.057612), (-0.092893, -0.039568, 0.994890), (0.975291, -0.204771, 0.082919)
(-11.856634, 0.541089, 9.343033), (0.500000, 10.000000, 1.000000), (-0.300597, -0.949446, 0.090519), (0.112474, 0.058957, 0.991904), (0.947096, -0.308345, -0.089065)
(20.931062, -0.467195, -8.119532), (0.500000, 10.000000, 1.000000), (0.996567, -0.025850, -0.078648), (0.081417, 0.133927, 0.987641), (0.014997, 0.990654, -0.135572)
(-31.747334, 0.028454, 15.999076), (0.500000, 10.000000, 1.000000), (-0.641426, -0.715789, 0.276078), (-0.299910, -0.097273, -0.948995), (-0.706135, 0.691509, 0.152279)
(16.523958, -2.211445, 26.809286), (0.500000, 10.000000, 1.000000), (0.134487, -0.962241, 0.236654), (0.867017, -0.001368, -0.498276), (-0.479786, -0.272195, -0.834096)
(30.972115, -0.517188, -17.696181), (0.500000, 10.000000, 1.000000), (-0.020882, -0.999704, 0.012457), (0.665211, -0.004592, 0.746642), (0.746364, -0.023878, -0.665110)
(-6.273647, -0.378562, 20.553293), (0.500000, 10.000000, 1.000000), (0.752514, 0.652890, -0.086362), (-0.213257, 0.117502, -0.969905), (0.623093, -0.748284, -0.227655)
(7.887324, 0.702075, 20.591742), (0.500000, 10.000000, 1.000000), (-0.243766, 0.894867, -0.373886), (-0.696382, 0.106814, 0.709678), (-0.675004, -0.433363, -0.597132)
(16.211009, -1.952840, -24.420230), (0.500000, 10.000000, 1.000000), (0.439483, 0.845625, 0.302939), (0.572440, -0.003768, -0.819938), (0.692219, -0.533764, 0.485725)
(26.450362, 1.191834, -8.119429), (0.500000, 10.000000, 1.000000), (0.200010, 0.969743, -0.139978), (-0.464564, -0.031924, -0.884964), (0.862656, -0.242030, -0.444123)
(-1.161136, -0.840343, 19.496273), (0.500000, 10.000000, 1.000000), (0.971516, 0.000375, 0.236972), (-0.236077, 0.088395, 0.967706), (0.020584, 0.996085, -0.085966)
(31.692193, -2.219710, 5.108385), (0.500000, 10.000000, 1.000000), (-0.178619, 0.983082, -0.040547), (-0.237461, -0.003080, 0.971392), (-0.954834, -0.183138, -0.233994)
(28.000614, -0.641446, 24.831411), (0.500000, 10.000000, 1.000000), (0.173926, -0.976020, 0.130903), (0.677283, 0.022062, -0.735391), (-0.714868, -0.216562, -0.664879)
(-20.627397, 0.239676, -25.197257), (0.500000, 10.000000, 1.000000), (0.678132, 0.313917, 0.664525), (0.705117, -0.022939, -0.708720), (0.207235, -0.949173, 0.236903)
(13.151779, -0.670188, -23.211886), (0.500000, 10.000000, 1.000000), (0.690954, -0.456407, 0.560603), (-0.626270, 0.009408, 0.779549), (0.361066, 0.889721, 0.279334)
(23.203983, -1.385503, 18.561833), (0.500000, 10.000000, 1.000000), (0.260230, 0.676304, 0.689125), (-0.941438, 0.019230, 0.336637), (-0.214418, 0.736371, -0.641703)
(-24.762257, -1.912788, -1.672495), (0.500000, 10.000000, 1.000000), (0.141549, -0.986805, 0.078618), (-0.550730, -0.012506, 0.834590), (0.822594, 0.161432, 0.545233)
(19.563930, 0.926822, -11.101011), (0.500000, 10.000000, 1.000000), (-0.902553, 0.420178, -0.094064), (0.128855, 0.055126, -0.990130), (0.410846, 0.905766, 0.103896)
(12.038662, 1.526576, -9.696118), (0.500000, 10.000000, 1.000000), (0.273156, 0.960206, 0.058232), (0.020261, 0.054778, -0.998293), (0.961756, -0.273869, 0.004492)
(7.304482, -2.205251, 34.277620), (0.500000, 10.000000, 1.000000), (0.023212, -0.999716, 0.005450), (0.938475, 0.019911, -0.344772), (-0.344565, -0.013117, -0.938671)
(16.868284, -1.898663, -4.480258), (0.500000, 10.000000, 1.000000), (-0.672471, -0.728119, -0.132759), (-0.194888, 0.001159, 0.980825), (0.714004, -0.685450, 0.142681)
(10.652074, -2.109551, 15.022008), (0.500000, 10.000000, 1.000000), (-0.195795, -0.978618, -0.063025), (0.327904, -0.004764, -0.944699), (-0.924199, 0.205633, -0.321826)
(-22.961774, -0.014646, 18.427835), (0.500000, 10.000000, 1.000000), (-0.864861, 0.259913, 0.429489), (-0.428528, 0.063414, -0.901300), (0.261495, 0.963548, -0.056536)
(-16.240168, 1.052602, 7.372702), (0.500000, 10.000000, 1.000000), (-0.794786, 0.570815, 0.206120), (0.212812, -0.055935, 0.975491), (-0.568354, -0.819171, 0.077020)
(3.325557, 1.480420, 20.617447), (0.500000, 10.000000, 1.000000), (-0.447871, -0.833344, -0.323958), (-0.614756, 0.023925, 0.788355), (0.649220, -0.552236, 0.523019)
(-31.582252, 1.489744, -16.781313), (0.500000, 10.000000, 1.000000), (0.275987, -0.942824, 0.186853), (-0.586368, -0.011121, 0.809968), (0.761580, 0.333105, 0.555911)
(-5.722895, -0.470833, 3.372387), (0.500000, 10.000000, 1.000000), (-0.829326, -0.554113, 0.071956), (-0.007534, 0.139854, 0.990143), (0.558715, -0.820609, 0.120159)
(9.095097, 1.525565, -7.721481), (0.500000, 10.000000, 1.000000), (-0.171536, -0.984986, 0.019424), (-0.035236, 0.025837, 0.999045), (0.984548, -0.170687, 0.039139)
(22.808955, 0.331098, 25.448165), (0.500000, 10.000000, 1.000000), (-0.203846, -0.920797, -0.332536), (-0.570979, -0.164096, 0.804398), (0.795255, -0.353844, 0.492305)
(-7.753439, -1.336069, -23.752750), (0.500000, 10.000000, 1.000000), (0.255877, -0.903765, 0.343127), (-0.871761, -0.062317, 0.485952), (0.417804, 0.423468, 0.803813)
(6.455058, -1.628543, -28.867114), (0.500000, 10.000000, 1.000000), (0.283196, -0.727100, 0.625400), (0.912974, 0.004666, -0.407991), (-0.293732, -0.686515, -0.665145)
(-3.057385, 1.677060, -8.586848), (0.500000, 10.000000, 1.000000), (0.655524, -0.748441, 0.100624), (0.131745, -0.017862, -0.991123), (-0.743594, -0.662961, -0.086895)
(18.202824, -0.721891, 7.334849), (0.500000, 10.000000, 1.000000), (-0.098458, -0.981720, 0.162887), (0.838338, -0.170018, -0.517960), (-0.536186, -0.085557, -0.839753)
(-31.491067, 1.667406, 8.426778), (0.500000, 10.000000, 1.000000), (-0.256175, 0.963078, 0.082794), (-0.460196, -0.046190, -0.886615), (0.850055, 0.265230, -0.455037)
(2.449106, -1.167838, -22.428794), (0.500000, 10.000000, 1.000000), (-0.468385, 0.694047, -0.546731), (-0.793036, -0.057455, 0.606459), (-0.389498, -0.717634, -0.577315)
(19.961998, 0.407541, 6.475507), (0.500000, 10.000000, 1.000000), (0.278462, 0.933936, 0.224105), (0.894781, -0.167467, -0.413911), (0.349036, -0.315783, 0.882301)
(-25.628214, -0.472363, 0.616832), (0.500000, 10.000000, 1.000000), (0.050731, 0.996586, 0.065130), (-0.665842, -0.014855, 0.745945), (-0.744366, 0.081209, -0.662815)
(-4.176957, 0.920330, 33.494366), (0.500000, 10.000000, 1.000000), (-0.128187, 0.988226, 0.083534), (-0.983324, -0.137603, 0.118912), (-0.129006, 0.066898, -0.989385)
(-24.990908, -1.746814, -27.096290), (0.500000, 10.000000, 1.000000), (-0.097029, 0.978962, -0.179494), (0.767247, -0.041304, -0.640020), (0.633970, 0.199817, 0.747098)
(-0.747635, 1.318166, -25.894826), (0.500000, 10.000000, 1.000000), (-0.286911, -0.419675, -0.861136), (-0.942611, -0.036580, 0.331884), (0.170784, -0.906937, 0.385095)
(-35.579341, 0.916560, 12.986349), (0.500000, 10.000000, 1.000000), (0.931593, 0.029235, -0.362326), (-0.363452, 0.058265, -0.929789), (0.006072, -0.997873, -0.064905)
(-23.326510, -0.550048, -28.624951), (0.500000, 10.000000, 1.000000), (-0.157028, 0.948054, -0.276651), (0.759069, -0.063343, -0.647921), (0.631788, 0.311739, 0.709692)
(22.699334, 0.153167, -29.895374), (0.500000, 10.000000, 1.000000), (-0.108383, -0.967213, 0.229678), (0.793589, 0.054967, 0.605966), (0.598723, -0.247946, -0.761612)
(2.218336, 1.196969, 37.478464), (0.500000, 10.000000, 1.000000), (-0.015300, -0.238175, -0.971102), (0.999114, 0.034440, -0.024188), (-0.039206, 0.970611, -0.237437)
(22.813457, -0.464237, -9.934599), (0.500000, 10.000000, 1.000000), (-0.250916, 0.965873, -0.064276), (-0.128010, -0.098925, -0.986827), (0.959508, 0.239382, -0.148463)
(-34.150000, -1.214975, -4.307552), (0.500000, 10.000000, 1.000000), (0.622425, 0.706807, 0.336170), (-0.410286, -0.071118, 0.909180), (-0.666522, 0.703822, -0.245728)
(-3.749312, -0.234274, -29.356561), (0.500000, 10.000000, 1.000000), (-0.099337, 0.919587, -0.380120), (-0.890976, 0.087890, 0.445463), (-0.443051, -0.382928, -0.810599)
(-25.691544, 0.913491, -14.375294), (0.500000, 10.000000, 1.000000), (0.274332, -0.926749, 0.256669), (-0.593775, 0.046706, 0.803274), (0.756421, 0.372767, 0.537467)
(1.168990, 1.476713, 1.900599), (0.500000, 10.000000, 1.000000), (0.252829, -0.939271, 0.232049), (0.544094, -0.060290, -0.836856), (-0.800025, -0.337838, -0.495809)
(-23.658664, 1.607637, -1.827438), (0.500000, 10.000000, 1.000000), (-0.056880, 0.998361, -0.006383), (0.702700, 0.035492, -0.710600), (0.709209, 0.044904, 0.703567)
(3.370575, -1.324337, 14.797389), (0.500000, 10.000000, 1.000000), (-0.773525, -0.591626, -0.227239), (-0.301550, 0.028211, 0.953033), (0.557428, -0.805719, 0.200227)
(-11.231908, -1.572767, -29.726788), (0.500000, 10.000000, 1.000000), (-0.080625, -0.996730, -0.005323), (0.757008, -0.057758, -0.650848), (-0.648412, 0.056505, -0.759190)
(-26.292035, -2.021375, 14.595730), (0.500000, 10.000000, 1.000000), (0.116415, -0.991795, 0.052815), (0.579759, 0.024682, -0.814414), (-0.806428, -0.125430, -0.577876)
(12.575850, -1.952510, 26.054983), (0.500000, 10.000000, 1.000000), (0.146037, 0.965629, 0.215023), (-0.880730, 0.027917, 0.472795), (-0.450542, 0.258422, -0.854535)
(7.612333, -0.271178, -35.380356), (0.500000, 10.000000, 1.000000), (-0.265232, 0.783916, 0.561363), (-0.957512, -0.145774, -0.248838), (0.113236, 0.603511, -0.789273)
(-9.755195, -1.018990, 10.037244), (0.500000, 10.000000, 1.000000), (0.964055, -0.133251, 0.229874), (0.242080, 0.083872, -0.966624), (-0.109524, -0.987527, -0.113115)
(-2.087998, -0.245958, 3.966120), (0.500000, 10.000000, 1.000000), (0.522142, 0.790564, 0.319963), (0.338819, 0.152007, -0.928491), (0.782668, -0.593214, 0.188489)
(-17.439311, -1.981051, 8.339079), (0.500000, 10.000000, 1.000000), (-0.077669, -0.996906, -0.012119), (0.031604, 0.009688, -0.999454), (-0.996478, 0.078010, -0.030754)
(-7.547039, 1.672117, -36.520565), (0.500000, 10.000000, 1.000000), (0.123805, 0.885143, 0.448546), (-0.977412, 0.030751, 0.209095), (-0.171285, 0.464301, -0.868957)
(2.996860, -0.890130, -7.717610), (0.500000, 10.000000, 1.000000), (-0.736580, 0.447513, -0.507130), (-0.569702, -0.006387, 0.821826), (-0.364539, -0.894255, -0.259654)
(30.802387, -1.010843, -1.223523), (0.500000, 10.000000, 1.000000), (-0.083531, 0.995840, 0.036410), (-0.538511, -0.014367, -0.842496), (0.838468, 0.089981, -0.537471)
(-11.733720, 1.997007, -12.534583), (0.500000, 10.000000, 1.000000), (-0.081004, -0.996707, 0.003697), (0.417625, -0.030572, 0.908105), (0.905002, -0.075104, -0.418726)
(-15.876456, 0.190528, -14.260576), (0.500000, 10.000000, 1.000000), (0.440899, -0.896350, -0.046515), (0.058612, -0.022961, 0.998017), (0.895641, 0.442751, -0.042413)
(-12.000240, -1.999533, -0.234996), (0.500000, 10.000000, 1.000000), (-0.125749, -0.991995, -0.011555), (-0.245857, 0.019878, 0.969102), (0.961115, -0.124705, 0.246388)
(6.856521, -0.939332, -5.465117), (0.500000, 10.000000, 1.000000), (0.851562, 0.072638, 0.519197), (-0.513937, -0.079836, 0.854105), (-0.103491, 0.994158, 0.030654)
(25.034169, -0.769091, -18.197395), (0.500000, 10.000000, 1.000000), (-0.302670, -0.942841, 0.139437), (0.486924, -0.027200, 0.873021), (0.819327, -0.332132, -0.467324)
(-8.322031, 1.763511, 21.040160), (0.500000, 10.000000, 1.000000), (-0.000733, 0.998982, 0.045095), (0.594178, 0.036706, -0.803496), (0.804333, -0.026206, 0.593600)
(20.424097, -0.765138, 3.858530), (0.500000, 10.000000, 1.000000), (-0.412161, 0.449324, -0.792611), (0.872902, -0.054548, -0.484836), (0.261084, 0.891702, 0.369733)
(3.553563, -2.075556, -3.607109), (0.500000, 10.000000, 1.000000), (0.036869, 0.998352, 0.043985), (0.502623, 0.019516, -0.864286), (0.863719, -0.053973, 0.501075)
(32.340531, 0.620886, 8.881367), (0.500000, 10.000000, 1.000000), (0.064961, -0.997621, 0.023059), (0.580326, 0.018970, -0.814163), (-0.811789, -0.066271, -0.580178)
(-20.528761, -1.656688, -17.349834), (0.500000, 10.000000, 1.000000), (-0.001517, -0.996761, 0.080402), (-0.548543, 0.068056, 0.833348), (0.836121, 0.042840, 0.546870)
(18.891592, 2.105251, 28.643604), (0.500000, 10.000000, 1.000000), (0.087393, -0.983036, 0.161251), (-0.846532, 0.012041, 0.532201), (0.525115, 0.183015, 0.831119)
(31.760002, 0.757760, 15.775065), (0.500000, 10.000000, 1.000000), (-0.253603, 0.967273, -0.008249), (0.618006, 0.155458, -0.770650), (0.744147, 0.200537, 0.637205)
(-24.008144, -1.850901, 3.814593), (0.500000, 10.000000, 1.000000), (0.370676, -0.899411, 0.231646), (0.544974, 0.008667, -0.838408), (-0.752066, -0.437019, -0.493368)
(4.620333, 0.423545, 7.796512), (0.500000, 10.000000, 1.000000), (0.053837, -0.991992, 0.114251), (0.873681, -0.008607, -0.486423), (-0.483511, -0.126006, -0.866221)
(4.469574, 0.277601, -17.641703), (0.500000, 10.000000, 1.000000), (0.046229, -0.991025, 0.125432), (-0.600222, 0.072814, 0.796512), (0.798496, 0.112109, 0.591469)
(-17.374974, -2.091857, 25.792230), (0.500000, 10.000000, 1.000000), (-0.016414, 0.999430, -0.029488), (0.809377, 0.030597, 0.586491), (-0.587060, 0.014240, 0.809418)
(-16.312505, 1.919155, 32.292278), (0.500000, 10.000000, 1.000000), (0.044216, -0.998308, 0.037767), (-0.937452, -0.054527, -0.343818), (-0.345295, 0.020203, 0.938277)
(-30.980606, 1.386697, 16.598800), (0.500000, 10.000000, 1.000000), (0.409190, 0.882952, -0.230129), (0.468157, 0.013324, 0.883545), (-0.783193, 0.469275, 0.407909)
(-0.082417, 1.234851, -30.254395), (0.500000, 10.000000, 1.000000), (0.086371, 0.977705, 0.191399), (-0.981783, 0.050895, 0.183060), (-0.169237, 0.203723, -0.964290)
(-9.823278, -1.663586, -15.222469), (0.500000, 10.000000, 1.000000), (-0.167931, 0.973303, -0.156465), (0.567504, -0.034331, -0.822655), (0.806064, 0.226944, 0.546587)
(22.481932, 1.047933, 21.327590), (0.500000, 10.000000, 1.000000), (-0.302215, 0.948215, -0.097751), (-0.569065, -0.097197, 0.816528), (-0.764743, -0.302394, -0.568970)
(28.333630, -1.933973, -21.777471), (0.500000, 10.000000, 1.000000), (-0.226100, 0.947691, 0.225300), (-0.671197, 0.016053, -0.741105), (0.705956, 0.318784, -0.632458)
(-4.605154, 0.238087, -12.266197), (0.500000, 10.000000, 1.000000), (0.290741, 0.956802, 0.000461), (-0.178060, 0.054580, -0.982505), (0.940087, -0.285573, -0.186236)
(-24.545790, 0.535789, -4.450429), (0.500000, 10.000000, 1.000000), (-0.327466, -0.895242, -0.302172), (0.698221, -0.013811, -0.715749), (-0.636595, 0.445367, -0.629600)
(-12.823296, 1.153495, -33.493156), (0.500000, 10.000000, 1.000000), (0.166817, -0.514934, 0.840842), (0.973782, -0.047727, -0.222419), (-0.154662, -0.855900, -0.493472)
(13.322271, 1.666061, -26.109732), (0.500000, 10.000000, 1.000000), (-0.700674, -0.488767, -0.519772), (0.592133, 0.008060, -0.805800), (-0.398038, 0.872377, -0.283768)
(-18.689859, 1.356010, 18.223877), (0.500000, 10.000000, 1.000000), (-0.986906, -0.120794, 0.106887), (0.108651, -0.008094, 0.994047), (0.119210, -0.992645, -0.021113)
(16.636758, -0.381423, -10.337563), (0.500000, 10.000000, 1.000000), (0.888793, -0.412508, 0.199712), (-0.224271, -0.011441, 0.974460), (0.399687, 0.910882, 0.102682)
(-30.025922, 1.656805, -13.129719), (0.500000, 10.000000, 1.000000), (0.376562, 0.844692, 0.380389), (0.673088, 0.032660, -0.738841), (0.636517, -0.534255, 0.556253)
(29.707139, 0.791079, -10.702493), (0.500000, 10.000000, 1.000000), (0.726589, 0.663400, -0.178799), (0.271138, -0.037740, 0.961800), (-0.631311, 0.747313, 0.207294)
(19.755960, -0.467603, 14.234478), (0.500000, 10.000000, 1.000000), (-0.417366, -0.847340, -0.328362), (-0.767559, 0.135270, 0.626542), (0.486476, -0.513534, 0.706840)
(-25.115249, -1.909826, -5.947849), (0.500000, 10.000000, 1.000000), (0.129822, -0.990819, 0.037735), (-0.586541, -0.046056, 0.808609), (0.799447, 0.127109, 0.587135)
(3.301614, -1.631787, 4.895584), (0.500000, 10.000000, 1.000000), (-0.507028, -0.752732, -0.419901), (-0.656170, 0.021201, 0.754315), (0.558895, -0.657986, 0.504670)
(12.804732, 0.924862, 25.896600), (0.500000, 10.000000, 1.000000), (-0.028036, 0.999605, 0.002048), (0.739919, 0.022130, -0.672332), (0.672111, 0.017334, 0.740247)
(1.768365, 1.691087, 9.287298), (0.500000, 10.000000, 1.000000), (0.040715, -0.996437, 0.073867), (-0.368476, 0.053743, 0.928082), (0.928745, 0.065005, 0.364975)
(-16.247534, -0.905507, 23.349487), (0.500000, 10.000000, 1.000000), (-0.241395, -0.970046, 0.027204), (0.171933, -0.070341, -0.982594), (-0.955075, 0.232516, -0.183762)
(26.350060, 1.324480, 10.908875), (0.500000, 10.000000, 1.000000), (-0.572779, 0.721444, -0.389157), (0.515665, -0.051911, -0.855216), (0.637192, 0.690525, 0.342290)
(-13.261400, -0.166611, 16.585128), (0.500000, 10.000000, 1.000000), (-0.783353, 0.614656, 0.092501), (-0.111189, 0.007850, -0.993768), (0.611552, 0.788756, -0.062193)
(8.226241, -1.737629, 8.263572), (0.500000, 10.000000, 1.000000), (0.384325, 0.915958, 0.115395), (-0.339189, 0.023843, 0.940416), (-0.858630, 0.400566, -0.319846)
(21.074364, 1.407111, 8.159846), (0.500000, 10.000000, 1.000000), (-0.581480, 0.171740, -0.795228), (0.805201, -0.018285, -0.592721), (0.116334, 0.984973, 0.127653)
(-1.335228, 1.088560, -32.937885), (0.500000, 10.000000, 1.000000), (0.174208, -0.817007, 0.549683), (-0.976854, -0.073019, 0.201060), (0.124130, 0.571986, 0.810817)
(10.925594, 1.138706, 6.644581), (0.500000, 10.000000, 1.000000), (-0.539692, -0.239276, -0.807143), (0.836416, -0.043517, -0.546365), (-0.095608, 0.969976, -0.223620)
(-31.995207, -1.127684, -14.024187), (0.500000, 10.000000, 1.000000), (0.365966, 0.901179, 0.232264), (-0.524389, -0.006496, 0.851454), (-0.768821, 0.433399, -0.470191)
(-27.762903, -1.633893, -11.808715), (0.500000, 10.000000, 1.000000), (-0.431604, 0.886369, -0.167534), (-0.392135, -0.017101, 0.919749), (-0.812372, -0.462663, -0.354957)
(-25.585424, 0.202451, 20.745126), (0.500000, 10.000000, 1.000000), (-0.190414, 0.975002, 0.114512), (0.281306, -0.057564, 0.957890), (-0.940537, -0.214609, 0.263313)
(35.561257, -0.061798, -5.849964), (0.500000, 10.000000, 1.000000), (0.129733, -0.965030, -0.227787), (0.006962, -0.228836, 0.973440), (0.991524, 0.127873, 0.022969)
cylinder, 40, 6, 80000000, 0.417912, 0.383273, 0.102757, 0.330391, 0.0652121, 0.508339, -0.158151, -0.209932, -0.191447, 28.6015, 18.5483
