200, 1, 12.5752
cylinder, 45, 15, 0, 1, 1, 1, 1, 1, 1, 0, 0, 0, 0, 0
(-9.380615, 0.000000, -3.808475), (2.500000, 6.000000, 0.500000), (1.000000, 0.000000, 0.000000), (0.000000, 1.000000, 0.000000), (0.000000, 0.000000, 1.000000)
(-15.637171, 0.000000, 12.432558), (2.500000, 6.000000, 0.500000), (1.000000, 0.000000, 0.000000), (0.000000, 1.000000, 0.000000), (0.000000, 0.000000, 1.000000)
(-1.422883, 0.000000, 6.357873), (2.500000, 6.000000, 0.500000), (1.000000, 0.000000, 0.000000), (0.000000, 1.000000, 0.000000), (0.000000, 0.000000, 1.000000)
(-35.849207, 0.000000, -15.128273), (2.500000, 6.000000, 0.500000), (1.000000, 0.000000, 0.000000), (0.000000, 1.000000, 0.000000), (0.000000, 0.000000, 1.000000)
(8.222762, 0.000000, -6.345041), (2.500000, 6.000000, 0.500000), (1.000000, 0.000000, 0.000000), (0.000000, 1.000000, 0.000000), (0.000000, 0.000000, 1.000000)
(20.719556, 0.000000, 0.522361), (2.500000, 6.000000, 0.500000), (1.000000, 0.000000, 0.000000), (0.000000, 1.000000, 0.000000), (0.000000, 0.000000, 1.000000)
(12.583122, 0.000000, 25.211812), (2.500000, 6.000000, 0.500000), (1.000000, 0.000000, 0.000000), (0.000000, 1.000000, 0.000000), (0.000000, 0.000000, 1.000000)
(35.812659, 0.000000, -12.925489), (2.500000, 6.000000, 0.500000), (1.000000, 0.000000, 0.000000), (0.000000, 1.000000, 0.000000), (0.000000, 0.000000, 1.000000)
(11.545825, 0.000000, 0.726179), (2.500000, 6.000000, 0.500000), (1.000000, 0.000000, 0.000000), (0.000000, 1.000000, 0.000000), (0.000000, 0.000000, 1.000000)
(19.326267, 0.000000, 5.059775), (2.500000, 6.000000, 0.500000), (1.000000, 0.000000, 0.000000), (0.000000, 1.000000, 0.000000), (0.000000, 0.000000, 1.000000)
(7.539288, 0.000000, 14.669437), (2.500000, 6.000000, 0.500000), (1.000000, 0.000000, 0.000000), (0.000000, 1.000000, 0.000000), (0.000000, 0.000000, 1.000000)
(23.600628, 0.000000, 9.142207), (2.500000, 6.000000, 0.500000), (1.000000, 0.000000, 0.000000), (0.000000, 1.000000, 0.000000), (0.000000, 0.000000, 1.000000)
(26.345963, 0.000000, 29.485115), (2.500000, 6.000000, 0.500000), (1.000000, 0.000000, 0.000000), (0.000000, 1.000000, 0.000000), (0.000000, 0.000000, 1.000000)
(-21.321876, 0.000000, -9.779833), (2.500000, 6.000000, 0.500000), (1.000000, 0.000000, 0.000000), (0.000000, 1.000000, 0.000000), (0.000000, 0.000000, 1.000000)
(10.463233, 0.000000, 37.668702), (2.500000, 6.000000, 0.500000), (1.000000, 0.000000, 0.000000), (0.000000, 1.000000, 0.000000), (0.000000, 0.000000, 1.000000)
(4.433416, 0.000000, -34.286200), (2.500000, 6.000000, 0.500000), (1.000000, 0.000000, 0.000000), (0.000000, 1.000000, 0.000000), (0.000000, 0.000000, 1.000000)
(6.119483, 0.000000, 4.089388), (2.500000, 6.000000, 0.500000), (1.000000, 0.000000, 0.000000), (0.000000, 1.000000, 0.000000), (0.000000, 0.000000, 1.000000)
(4.010837, 0.000000, 16.567412), (2.500000, 6.000000, 0.500000), (1.000000, 0.000000, 0.000000), (0.000000, 1.000000, 0.000000), (0.000000, 0.000000, 1.000000)
(-12.511361, 0.000000, 32.589753), (2.500000, 6.000000, 0.500000), (1.000000, 0.000000, 0.000000), (0.000000, 1.000000, 0.000000), (0.000000, 0.000000, 1.000000)
(0.375570, 0.000000, 9.160641), (2.500000, 6.000000, 0.500000), (1.000000, 0.000000, 0.000000), (0.000000, 1.000000, 0.000000), (0.000000, 0.000000, 1.000000)
(-4.219351, 0.000000, -7.065631), (2.500000, 6.000000, 0.500000), (1.000000, 0.000000, 0.000000), (0.000000, 1.000000, 0.000000), (0.000000, 0.000000, 1.000000)
(19.220145, 0.000000, -19.547425), (2.500000, 6.000000, 0.500000), (1.000000, 0.000000, 0.000000), (0.000000, 1.000000, 0.000000), (0.000000, 0.000000, 1.000000)
(39.107727, 0.000000, 7.196758), (2.500000, 6.000000, 0.500000), (1.000000, 0.000000, 0.000000), (0.000000, 1.000000, 0.000000), (0.000000, 0.000000, 1.000000)
(2.093533, 0.000000, -2.336607), (2.500000, 6.000000, 0.500000), (1.000000, 0.000000, 0.000000), (0.000000, 1.000000, 0.000000), (0.000000, 0.000000, 1.000000)
(-0.858433, 0.000000, 1.618818), (2.500000, 6.000000, 0.500000), (1.000000, 0.000000, 0.000000), (0.000000, 1.000000, 0.000000), (0.000000, 0.000000, 1.000000)
(-16.011996, 0.000000, 6.781592), (2.500000, 6.000000, 0.500000), (1.000000, 0.000000, 0.000000), (0.000000, 1.000000, 0.000000), (0.000000, 0.000000, 1.000000)
(-20.455062, 0.000000, -15.489441), (2.500000, 6.000000, 0.500000), (1.000000, 0.000000, 0.000000), (0.000000, 1.000000, 0.000000), (0.000000, 0.000000, 1.000000)
(-0.731828, 0.000000, 7.687035), (2.500000, 6.000000, 0.500000), (1.000000, 0.000000, 0.000000), (0.000000, 1.000000, 0.000000), (0.000000, 0.000000, 1.000000)
(17.827694, 0.000000, 11.544802), (2.500000, 6.000000, 0.500000), (1.000000, 0.000000, 0.000000), (0.000000, 1.000000, 0.000000), (0.000000, 0.000000, 1.000000)
(37.545620, 0.000000, 9.733350), (2.500000, 6.000000, 0.500000), (1.000000, 0.000000, 0.000000), (0.000000, 1.000000, 0.000000), (0.000000, 0.000000, 1.000000)
(20.099374, 0.000000, 3.246326), (2.500000, 6.000000, 0.500000), (1.000000, 0.000000, 0.000000), (0.000000, 1.000000, 0.000000), (0.000000, 0.000000, 1.000000)
(-14.972566, 0.000000, -1.219005), (2.500000, 6.000000, 0.500000), (1.000000, 0.000000, 0.000000), (0.000000, 1.000000, 0.000000), (0.000000, 0.000000, 1.000000)
(4.649310, 0.000000, 33.719331), (2.500000, 6.000000, 0.500000), (1.000000, 0.000000, 0.000000), (0.000000, 1.000000, 0.000000), (0.000000, 0.000000, 1.000000)
(-10.270822, 0.000000, -2.470272), (2.500000, 6.000000, 0.500000), (1.000000, 0.000000, 0.000000), (0.000000, 1.000000, 0.000000), (0.000000, 0.000000, 1.000000)
(-34.318042, 0.000000, 19.537864), (2.500000, 6.000000, 0.500000), (1.000000, 0.000000, 0.000000), (0.000000, 1.000000, 0.000000), (0.000000, 0.000000, 1.000000)
(7.524994, 0.000000, -18.634683), (2.500000, 6.000000, 0.500000), (1.000000, 0.000000, 0.000000), (0.000000, 1.000000, 0.000000), (0.000000, 0.000000, 1.000000)
(2.144730, 0.000000, -30.405589), (2.500000, 6.000000, 0.500000), (1.000000, 0.000000, 0.000000), (0.000000, 1.000000, 0.000000), (0.000000, 0.000000, 1.000000)
(-3.975420, 0.000000, -0.408847), (2.500000, 6.000000, 0.500000), (1.000000, 0.000000, 0.000000), (0.000000, 1.000000, 0.000000), (0.000000, 0.000000, 1.000000)
(-8.540103, 0.000000, -42.005353), (2.500000, 6.000000, 0.500000), (1.000000, 0.000000, 0.000000), (0.000000, 1.000000, 0.000000), (0.000000, 0.000000, 1.000000)
(-14.280565, 0.000000, 2.240787), (2.500000, 6.000000, 0.500000), (1.000000, 0.000000, 0.000000), (0.000000, 1.000000, 0.000000), (0.000000, 0.000000, 1.000000)
(-32.976006, 0.000000, -4.741082), (2.500000, 6.000000, 0.500000), (1.000000, 0.000000, 0.000000), (0.000000, 1.000000, 0.000000), (0.000000, 0.000000, 1.000000)
(-27.610378, 0.000000, 1.245704), (2.500000, 6.000000, 0.500000), (1.000000, 0.000000, 0.000000), (0.000000, 1.000000, 0.000000), (0.000000, 0.000000, 1.000000)
(5.627572, 0.000000, 23.324484), (2.500000, 6.000000, 0.500000), (1.000000, 0.000000, 0.000000), (0.000000, 1.000000, 0.000000), (0.000000, 0.000000, 1.000000)
(-20.136499, 0.000000, 3.044752), (2.500000, 6.000000, 0.500000), (1.000000, 0.000000, 0.000000), (0.000000, 1.000000, 0.000000), (0.000000, 0.000000, 1.000000)
(-11.205165, 0.000000, -19.594448), (2.500000, 6.000000, 0.500000), (1.000000, 0.000000, 0.000000), (0.000000, 1.000000, 0.000000), (0.000000, 0.000000, 1.000000)
(6.708941, 0.000000, -4.559063), (2.500000, 6.000000, 0.500000), (1.000000, 0.000000, 0.000000), (0.000000, 1.000000, 0.000000), (0.000000, 0.000000, 1.000000)
(15.472901, 0.000000, -6.504818), (2.500000, 6.000000, 0.500000), (1.000000, 0.000000, 0.000000), (0.000000, 1.000000, 0.000000), (0.000000, 0.000000, 1.000000)
(-28.573239, 0.000000, 31.224832), (2.500000, 6.000000, 0.500000), (1.000000, 0.000000, 0.000000), (0.000000, 1.000000, 0.000000), (0.000000, 0.000000, 1.000000)
(7.208277, 0.000000, -15.801794), (2.500000, 6.000000, 0.500000), (1.000000, 0.000000, 0.000000), (0.000000, 1.000000, 0.000000), (0.000000, 0.000000, 1.000000)
(2.914562, 0.000000, 25.906036), (2.500000, 6.000000, 0.500000), (1.000000, 0.000000, 0.000000), (0.000000, 1.000000, 0.000000), (0.000000, 0.000000, 1.000000)
(31.050950, 0.000000, 13.049466), (2.500000, 6.000000, 0.500000), (1.000000, 0.000000, 0.000000), (0.000000, 1.000000, 0.000000), (0.000000, 0.000000, 1.000000)
(-17.300662, 0.000000, -30.612317), (2.500000, 6.000000, 0.500000), (1.000000, 0.000000, 0.000000), (0.000000, 1.000000, 0.000000), (0.000000, 0.000000, 1.000000)
(8.047244, 0.000000, 6.051993), (2.500000, 6.000000, 0.500000), (1.000000, 0.000000, 0.000000), (0.000000, 1.000000, 0.000000), (0.000000, 0.000000, 1.000000)
(19.953348, 0.000000, -17.884333), (2.500000, 6.000000, 0.500000), (1.000000, 0.000000, 0.000000), (0.000000, 1.000000, 0.000000), (0.000000, 0.000000, 1.000000)
(9.761844, 0.000000, 10.219537), (2.500000, 6.000000, 0.500000), (1.000000, 0.000000, 0.000000), (0.000000, 1.000000, 0.000000), (0.000000, 0.000000, 1.000000)
(-34.163016, 0.000000, -10.763904), (2.500000, 6.000000, 0.500000), (1.000000, 0.000000, 0.000000), (0.000000, 1.000000, 0.000000), (0.000000, 0.000000, 1.000000)
(28.972553, 0.000000, -4.360898), (2.500000, 6.000000, 0.500000), (1.000000, 0.000000, 0.000000), (0.000000, 1.000000, 0.000000), (0.000000, 0.000000, 1.000000)
(-35.122731, 0.000000, -21.305926), (2.500000, 6.000000, 0.500000), (1.000000, 0.000000, 0.000000), (0.000000, 1.000000, 0.000000), (0.000000, 0.000000, 1.000000)
(16.310650, 0.000000, -21.457641), (2.500000, 6.000000, 0.500000), (1.000000, 0.000000, 0.000000), (0.000000, 1.000000, 0.000000), (0.000000, 0.000000, 1.000000)
(-7.505400, 0.000000, -40.668646), (2.500000, 6.000000, 0.500000), (1.000000, 0.000000, 0.000000), (0.000000, 1.000000, 0.000000), (0.000000, 0.000000, 1.000000)
(38.771629, 0.000000, 16.022078), (2.500000, 6.000000, 0.500000), (1.000000, 0.000000, 0.000000), (0.000000, 1.000000, 0.000000), (0.000000, 0.000000, 1.000000)
(-25.936628, 0.000000, -33.759952), (2.500000, 6.000000, 0.500000), (1.000000, 0.000000, 0.000000), (0.000000, 1.000000, 0.000000), (0.000000, 0.000000, 1.000000)
(-21.436663, 0.000000, -3.770491), (2.500000, 6.000000, 0.500000), (1.000000, 0.000000, 0.000000), (0.000000, 1.000000, 0.000000), (0.000000, 0.000000, 1.000000)
(28.509787, 0.000000, 7.717936), (2.500000, 6.000000, 0.500000), (1.000000, 0.000000, 0.000000), (0.000000, 1.000000, 0.000000), (0.000000, 0.000000, 1.000000)
(7.854126, 0.000000, -25.392556), (2.500000, 6.000000, 0.500000), (1.000000, 0.000000, 0.000000), (0.000000, 1.000000, 0.000000), (0.000000, 0.000000, 1.000000)
(-26.373931, 0.000000, 8.145525), (2.500000, 6.000000, 0.500000), (1.000000, 0.000000, 0.000000), (0.000000, 1.000000, 0.000000), (0.000000, 0.000000, 1.000000)
(-2.581735, 0.000000, 28.278356), (2.500000, 6.000000, 0.500000), (1.000000, 0.000000, 0.000000), (0.000000, 1.000000, 0.000000), (0.000000, 0.000000, 1.000000)
(-7.056350, 0.000000, 10.901074), (2.500000, 6.000000, 0.500000), (1.000000, 0.000000, 0.000000), (0.000000, 1.000000, 0.000000), (0.000000, 0.000000, 1.000000)
(11.158619, 0.000000, -9.527258), (2.500000, 6.000000, 0.500000), (1.000000, 0.000000, 0.000000), (0.000000, 1.000000, 0.000000), (0.000000, 0.000000, 1.000000)
(26.227011, 0.000000, -29.214524), (2.500000, 6.000000, 0.500000), (1.000000, 0.000000, 0.000000), (0.000000, 1.000000, 0.000000), (0.000000, 0.000000, 1.000000)
(-1.584897, 0.000000, 5.035461), (2.500000, 6.000000, 0.500000), (1.000000, 0.000000, 0.000000), (0.000000, 1.000000, 0.000000), (0.000000, 0.000000, 1.000000)
(-1.613243, 0.000000, -3.577487), (2.500000, 6.000000, 0.500000), (1.000000, 0.000000, 0.000000), (0.000000, 1.000000, 0.000000), (0.000000, 0.000000, 1.000000)
(9.091277, 0.000000, 2.625793), (2.500000, 6.000000, 0.500000), (1.000000, 0.000000, 0.000000), (0.000000, 1.000000, 0.000000), (0.000000, 0.000000, 1.000000)
(-3.525966, 0.000000, -1.683395), (2.500000, 6.000000, 0.500000), (1.000000, 0.000000, 0.000000), (0.000000, 1.000000, 0.000000), (0.000000, 0.000000, 1.000000)
(11.097955, 0.000000, -12.329449), (2.500000, 6.000000, 0.500000), (1.000000, 0.000000, 0.000000), (0.000000, 1.000000, 0.000000), (0.000000, 0.000000, 1.000000)
(-6.316104, 0.000000, -12.889101), (2.500000, 6.000000, 0.500000), (1.000000, 0.000000, 0.000000), (0.000000, 1.000000, 0.000000), (0.000000, 0.000000, 1.000000)
(-0.173328, 0.000000, -11.092403), (2.500000, 6.000000, 0.500000), (1.000000, 0.000000, 0.000000), (0.000000, 1.000000, 0.000000), (0.000000, 0.000000, 1.000000)
(-2.408068, 0.000000, 3.197075), (2.500000, 6.000000, 0.500000), (1.000000, 0.000000, 0.000000), (0.000000, 1.000000, 0.000000), (0.000000, 0.000000, 1.000000)
(-41.209531, 0.000000, -9.237675), (2.500000, 6.000000, 0.500000), (1.000000, 0.000000, 0.000000), (0.000000, 1.000000, 0.000000), (0.000000, 0.000000, 1.000000)
(-4.010870, 0.000000, 18.590243), (2.500000, 6.000000, 0.500000), (1.000000, 0.000000, 0.000000), (0.000000, 1.000000, 0.000000), (0.000000, 0.000000, 1.000000)
(-7.079307, 0.000000, 24.329636), (2.500000, 6.000000, 0.500000), (1.000000, 0.000000, 0.000000), (0.000000, 1.000000, 0.000000), (0.000000, 0.000000, 1.000000)
(-11.875420, 0.000000, -6.780282), (2.500000, 6.000000, 0.500000), (1.000000, 0.000000, 0.000000), (0.000000, 1.000000, 0.000000), (0.000000, 0.000000, 1.000000)
(1.057171, 0.000000, -0.228906), (2.500000, 6.000000, 0.500000), (1.000000, 0.000000, 0.000000), (0.000000, 1.000000, 0.000000), (0.000000, 0.000000, 1.000000)
(-23.888191, 0.000000, 16.773082), (2.500000, 6.000000, 0.500000), (1.000000, 0.000000, 0.000000), (0.000000, 1.000000, 0.000000), (0.000000, 0.000000, 1.000000)
(15.409059, 0.000000, 12.952027), (2.500000, 6.000000, 0.500000), (1.000000, 0.000000, 0.000000), (0.000000, 1.000000, 0.000000), (0.000000, 0.000000, 1.000000)
(19.406255, 0.000000, -23.783500), (2.500000, 6.000000, 0.500000), (1.000000, 0.000000, 0.000000), (0.000000, 1.000000, 0.000000), (0.000000, 0.000000, 1.000000)
(-31.901840, 0.000000, -6.951713), (2.500000, 6.000000, 0.500000), (1.000000, 0.000000, 0.000000), (0.000000, 1.000000, 0.000000), (0.000000, 0.000000, 1.000000)
(32.562240, 0.000000, -14.493306), (2.500000, 6.000000, 0.500000), (1.000000, 0.000000, 0.000000), (0.000000, 1.000000, 0.000000), (0.000000, 0.000000, 1.000000)
(-2.359780, 0.000000, 12.656107), (2.500000, 6.000000, 0.500000), (1.000000, 0.000000, 0.000000), (0.000000, 1.000000, 0.000000), (0.000000, 0.000000, 1.000000)
(26.871939, 0.000000, -24.921664), (2.500000, 6.000000, 0.500000), (1.000000, 0.000000, 0.000000), (0.000000, 1.000000, 0.000000), (0.000000, 0.000000, 1.000000)
(1.788068, 0.000000, 21.938448), (2.500000, 6.000000, 0.500000), (1.000000, 0.000000, 0.000000), (0.000000, 1.000000, 0.000000), (0.000000, 0.000000, 1.000000)
(-9.518361, 0.000000, 21.972449), (2.500000, 6.000000, 0.500000), (1.000000, 0.000000, 0.000000), (0.000000, 1.000000, 0.000000), (0.000000, 0.000000, 1.000000)
(-0.382386, 0.000000, -28.562827), (2.500000, 6.000000, 0.500000), (1.000000, 0.000000, 0.000000), (0.000000, 1.000000, 0.000000), (0.000000, 0.000000, 1.000000)
(24.298766, 0.000000, -21.016900), (2.500000, 6.000000, 0.500000), (1.000000, 0.000000, 0.000000), (0.000000, 1.000000, 0.000000), (0.000000, 0.000000, 1.000000)
(-7.051284, 0.000000, -10.931578), (2.500000, 6.000000, 0.500000), (1.000000, 0.000000, 0.000000), (0.000000, 1.000000, 0.000000), (0.000000, 0.000000, 1.000000)
(-22.517058, 0.000000, 26.340494), (2.500000, 6.000000, 0.500000), (1.000000, 0.000000, 0.000000), (0.000000, 1.000000, 0.000000), (0.000000, 0.000000, 1.000000)
(-0.850830, 0.000000, -9.930896), (2.500000, 6.000000, 0.500000), (1.000000, 0.000000, 0.000000), (0.000000, 1.000000, 0.000000), (0.000000, 0.000000, 1.000000)
(-11.629739, 0.000000, 3.601168), (2.500000, 6.000000, 0.500000), (1.000000, 0.000000, 0.000000), (0.000000, 1.000000, 0.000000), (0.000000, 0.000000, 1.000000)
(21.393506, 0.000000, -7.390592), (2.500000, 6.000000, 0.500000), (1.000000, 0.000000, 0.000000), (0.000000, 1.000000, 0.000000), (0.000000, 0.000000, 1.000000)
(7.695219, 0.000000, -35.864520), (2.500000, 6.000000, 0.500000), (1.000000, 0.000000, 0.000000), (0.000000, 1.000000, 0.000000), (0.000000, 0.000000, 1.000000)
(-8.952229, 0.000000, -28.537066), (2.500000, 6.000000, 0.500000), (1.000000, 0.000000, 0.000000), (0.000000, 1.000000, 0.000000), (0.000000, 0.000000, 1.000000)
(-28.614713, 0.000000, -30.304525), (2.500000, 6.000000, 0.500000), (1.000000, 0.000000, 0.000000), (0.000000, 1.000000, 0.000000), (0.000000, 0.000000, 1.000000)
(18.666712, 0.000000, -34.240193), (2.500000, 6.000000, 0.500000), (1.000000, 0.000000, 0.000000), (0.000000, 1.000000, 0.000000), (0.000000, 0.000000, 1.000000)
(22.097554, 0.000000, 16.558823), (2.500000, 6.000000, 0.500000), (1.000000, 0.000000, 0.000000), (0.000000, 1.000000, 0.000000), (0.000000, 0.000000, 1.000000)
(21.923674, 0.000000, -26.317447), (2.500000, 6.000000, 0.500000), (1.000000, 0.000000, 0.000000), (0.000000, 1.000000, 0.000000), (0.000000, 0.000000, 1.000000)
(2.648199, 0.000000, -7.028276), (2.500000, 6.000000, 0.500000), (1.000000, 0.000000, 0.000000), (0.000000, 1.000000, 0.000000), (0.000000, 0.000000, 1.000000)
(-27.310505, 0.000000, 11.782285), (2.500000, 6.000000, 0.500000), (1.000000, 0.000000, 0.000000), (0.000000, 1.000000, 0.000000), (0.000000, 0.000000, 1.000000)
(-19.178479, 0.000000, 33.121673), (2.500000, 6.000000, 0.500000), (1.000000, 0.000000, 0.000000), (0.000000, 1.000000, 0.000000), (0.000000, 0.000000, 1.000000)
(11.253790, 0.000000, -30.971212), (2.500000, 6.000000, 0.500000), (1.000000, 0.000000, 0.000000), (0.000000, 1.000000, 0.000000), (0.000000, 0.000000, 1.000000)
(20.191456, 0.000000, 26.447993), (2.500000, 6.000000, 0.500000), (1.000000, 0.000000, 0.000000), (0.000000, 1.000000, 0.000000), (0.000000, 0.000000, 1.000000)
(31.194285, 0.000000, -7.479245), (2.500000, 6.000000, 0.500000), (1.000000, 0.000000, 0.000000), (0.000000, 1.000000, 0.000000), (0.000000, 0.000000, 1.000000)
(-6.954686, 0.000000, -16.950825), (2.500000, 6.000000, 0.500000), (1.000000, 0.000000, 0.000000), (0.000000, 1.000000, 0.000000), (0.000000, 0.000000, 1.000000)
(-8.902990, 0.000000, -25.379500), (2.500000, 6.000000, 0.500000), (1.000000, 0.000000, 0.000000), (0.000000, 1.000000, 0.000000), (0.000000, 0.000000, 1.000000)
(8.176339, 0.000000, -0.539798), (2.500000, 6.000000, 0.500000), (1.000000, 0.000000, 0.000000), (0.000000, 1.000000, 0.000000), (0.000000, 0.000000, 1.000000)
(10.013579, 0.000000, 34.432077), (2.500000, 6.000000, 0.500000), (1.000000, 0.000000, 0.000000), (0.000000, 1.000000, 0.000000), (0.000000, 0.000000, 1.000000)
(-33.289259, 0.000000, -1.930787), (2.500000, 6.000000, 0.500000), (1.000000, 0.000000, 0.000000), (0.000000, 1.000000, 0.000000), (0.000000, 0.000000, 1.000000)
(20.621005, 0.000000, -31.827667), (2.500000, 6.000000, 0.500000), (1.000000, 0.000000, 0.000000), (0.000000, 1.000000, 0.000000), (0.000000, 0.000000, 1.000000)
(-36.467526, 0.000000, -18.590116), (2.500000, 6.000000, 0.500000), (1.000000, 0.000000, 0.000000), (0.000000, 1.000000, 0.000000), (0.000000, 0.000000, 1.000000)
(8.748066, 0.000000, 18.458305), (2.500000, 6.000000, 0.500000), (1.000000, 0.000000, 0.000000), (0.000000, 1.000000, 0.000000), (0.000000, 0.000000, 1.000000)
(8.023078, 0.000000, 21.581519), (2.500000, 6.000000, 0.500000), (1.000000, 0.000000, 0.000000), (0.000000, 1.000000, 0.000000), (0.000000, 0.000000, 1.000000)
(23.272331, 0.000000, 17.714530), (2.500000, 6.000000, 0.500000), (1.000000, 0.000000, 0.000000), (0.000000, 1.000000, 0.000000), (0.000000, 0.000000, 1.000000)
(-37.959510, 0.000000, 13.183662), (2.500000, 6.000000, 0.500000), (1.000000, 0.000000, 0.000000), (0.000000, 1.000000, 0.000000), (0.000000, 0.000000, 1.000000)
(34.647494, 0.000000, 17.244125), (2.500000, 6.000000, 0.500000), (1.000000, 0.000000, 0.000000), (0.000000, 1.000000, 0.000000), (0.000000, 0.000000, 1.000000)
(-41.141863, 0.000000, 1.647360), (2.500000, 6.000000, 0.500000), (1.000000, 0.000000, 0.000000), (0.000000, 1.000000, 0.000000), (0.000000, 0.000000, 1.000000)
(33.350597, 0.000000, -1.096531), (2.500000, 6.000000, 0.500000), (1.000000, 0.000000, 0.000000), (0.000000, 1.000000, 0.000000), (0.000000, 0.000000, 1.000000)
(-1.673350, 0.000000, -14.520664), (2.500000, 6.000000, 0.500000), (1.000000, 0.000000, 0.000000), (0.000000, 1.000000, 0.000000), (0.000000, 0.000000, 1.000000)
(10.283570, 0.000000, -17.026551), (2.500000, 6.000000, 0.500000), (1.000000, 0.000000, 0.000000), (0.000000, 1.000000, 0.000000), (0.000000, 0.000000, 1.000000)
(-28.969230, 0.000000, -0.869043), (2.500000, 6.000000, 0.500000), (1.000000, 0.000000, 0.000000), (0.000000, 1.000000, 0.000000), (0.000000, 0.000000, 1.000000)
(9.848706, 0.000000, -22.701783), (2.500000, 6.000000, 0.500000), (1.000000, 0.000000, 0.000000), (0.000000, 1.000000, 0.000000), (0.000000, 0.000000, 1.000000)
(-9.261749, 0.000000, 7.291460), (2.500000, 6.000000, 0.500000), (1.000000, 0.000000, 0.000000), (0.000000, 1.000000, 0.000000), (0.000000, 0.000000, 1.000000)
(23.139952, 0.000000, 2.124422), (2.500000, 6.000000, 0.500000), (1.000000, 0.000000, 0.000000), (0.000000, 1.000000, 0.000000), (0.000000, 0.000000, 1.000000)
(-18.096269, 0.000000, -13.982819), (2.500000, 6.000000, 0.500000), (1.000000, 0.000000, 0.000000), (0.000000, 1.000000, 0.000000), (0.000000, 0.000000, 1.000000)
(30.831168, 0.000000, -18.775122), (2.500000, 6.000000, 0.500000), (1.000000, 0.000000, 0.000000), (0.000000, 1.000000, 0.000000), (0.000000, 0.000000, 1.000000)
(0.529612, 0.000000, 14.531471), (2.500000, 6.000000, 0.500000), (1.000000, 0.000000, 0.000000), (0.000000, 1.000000, 0.000000), (0.000000, 0.000000, 1.000000)
(-27.762507, 0.000000, 3.099825), (2.500000, 6.000000, 0.500000), (1.000000, 0.000000, 0.000000), (0.000000, 1.000000, 0.000000), (0.000000, 0.000000, 1.000000)
(-40.955759, 0.000000, -3.623341), (2.500000, 6.000000, 0.500000), (1.000000, 0.000000, 0.000000), (0.000000, 1.000000, 0.000000), (0.000000, 0.000000, 1.000000)
(19.278602, 0.000000, -12.745956), (2.500000, 6.000000, 0.500000), (1.000000, 0.000000, 0.000000), (0.000000, 1.000000, 0.000000), (0.000000, 0.000000, 1.000000)
(-9.694005, 0.000000, -27.210019), (2.500000, 6.000000, 0.500000), (1.000000, 0.000000, 0.000000), (0.000000, 1.000000, 0.000000), (0.000000, 0.000000, 1.000000)
(13.286092, 0.000000, -23.941968), (2.500000, 6.000000, 0.500000), (1.000000, 0.000000, 0.000000), (0.000000, 1.000000, 0.000000), (0.000000, 0.000000, 1.000000)
(-19.424930, 0.000000, 24.123841), (2.500000, 6.000000, 0.500000), (1.000000, 0.000000, 0.000000), (0.000000, 1.000000, 0.000000), (0.000000, 0.000000, 1.000000)
(15.329838, 0.000000, -3.884669), (2.500000, 6.000000, 0.500000), (1.000000, 0.000000, 0.000000), (0.000000, 1.000000, 0.000000), (0.000000, 0.000000, 1.000000)
(33.794541, 0.000000, 18.788735), (2.500000, 6.000000, 0.500000), (1.000000, 0.000000, 0.000000), (0.000000, 1.000000, 0.000000), (0.000000, 0.000000, 1.000000)
(-0.616788, 0.000000, -26.629047), (2.500000, 6.000000, 0.500000), (1.000000, 0.000000, 0.000000), (0.000000, 1.000000, 0.000000), (0.000000, 0.000000, 1.000000)
(5.471234, 0.000000, 29.859150), (2.500000, 6.000000, 0.500000), (1.000000, 0.000000, 0.000000), (0.000000, 1.000000, 0.000000), (0.000000, 0.000000, 1.000000)
(-1.805996, 0.000000, -5.478252), (2.500000, 6.000000, 0.500000), (1.000000, 0.000000, 0.000000), (0.000000, 1.000000, 0.000000), (0.000000, 0.000000, 1.000000)
(13.637734, 0.000000, 8.844601), (2.500000, 6.000000, 0.500000), (1.000000, 0.000000, 0.000000), (0.000000, 1.000000, 0.000000), (0.000000, 0.000000, 1.000000)
(-16.362106, 0.000000, 30.638623), (2.500000, 6.000000, 0.500000), (1.000000, 0.000000, 0.000000), (0.000000, 1.000000, 0.000000), (0.000000, 0.000000, 1.000000)
(6.030959, 0.000000, 12.547824), (2.500000, 6.000000, 0.500000), (1.000000, 0.000000, 0.000000), (0.000000, 1.000000, 0.000000), (0.000000, 0.000000, 1.000000)
(-10.451271, 0.000000, -8.410360), (2.500000, 6.000000, 0.500000), (1.000000, 0.000000, 0.000000), (0.000000, 1.000000, 0.000000), (0.000000, 0.000000, 1.000000)
(2.826270, 0.000000, -22.407744), (2.500000, 6.000000, 0.500000), (1.000000, 0.000000, 0.000000), (0.000000, 1.000000, 0.000000), (0.000000, 0.000000, 1.000000)
(20.020363, 0.000000, -1.018746), (2.500000, 6.000000, 0.500000), (1.000000, 0.000000, 0.000000), (0.000000, 1.000000, 0.000000), (0.000000, 0.000000, 1.000000)
(5.075947, 0.000000, -13.474478), (2.500000, 6.000000, 0.500000), (1.000000, 0.000000, 0.000000), (0.000000, 1.000000, 0.000000), (0.000000, 0.000000, 1.000000)
(40.416503, 0.000000, -4.334682), (2.500000, 6.000000, 0.500000), (1.000000, 0.000000, 0.000000), (0.000000, 1.000000, 0.000000), (0.000000, 0.000000, 1.000000)
(-15.306146, 0.000000, -16.286899), (2.500000, 6.000000, 0.500000), (1.000000, 0.000000, 0.000000), (0.000000, 1.000000, 0.000000), (0.000000, 0.000000, 1.000000)
(-9.054217, 0.000000, 26.099574), (2.500000, 6.000000, 0.500000), (1.000000, 0.000000, 0.000000), (0.000000, 1.000000, 0.000000), (0.000000, 0.000000, 1.000000)
(-9.375951, 0.000000, -36.208811), (2.500000, 6.000000, 0.500000), (1.000000, 0.000000, 0.000000), (0.000000, 1.000000, 0.000000), (0.000000, 0.000000, 1.000000)
(26.019962, 0.000000, -12.507336), (2.500000, 6.000000, 0.500000), (1.000000, 0.000000, 0.000000), (0.000000, 1.000000, 0.000000), (0.000000, 0.000000, 1.000000)
(-2.401792, 0.000000, 40.476921), (2.500000, 6.000000, 0.500000), (1.000000, 0.000000, 0.000000), (0.000000, 1.000000, 0.000000), (0.000000, 0.000000, 1.000000)
(-29.905039, 0.000000, 20.887543), (2.500000, 6.000000, 0.500000), (1.000000, 0.000000, 0.000000), (0.000000, 1.000000, 0.000000), (0.000000, 0.000000, 1.000000)
(-10.449404, 0.000000, -14.372085), (2.500000, 6.000000, 0.500000), (1.000000, 0.000000, 0.000000), (0.000000, 1.000000, 0.000000), (0.000000, 0.000000, 1.000000)
(-0.786107, 0.000000, 20.562768), (2.500000, 6.000000, 0.500000), (1.000000, 0.000000, 0.000000), (0.000000, 1.000000, 0.000000), (0.000000, 0.000000, 1.000000)
(-4.667272, 0.000000, -20.786288), (2.500000, 6.000000, 0.500000), (1.000000, 0.000000, 0.000000), (0.000000, 1.000000, 0.000000), (0.000000, 0.000000, 1.000000)
(-7.907718, 0.000000, 19.729934), (2.500000, 6.000000, 0.500000), (1.000000, 0.000000, 0.000000), (0.000000, 1.000000, 0.000000), (0.000000, 0.000000, 1.000000)
(13.417317, 0.000000, -41.546197), (2.500000, 6.000000, 0.500000), (1.000000, 0.000000, 0.000000), (0.000000, 1.000000, 0.000000), (0.000000, 0.000000, 1.000000)
(-8.145908, 0.000000, -32.218502), (2.500000, 6.000000, 0.500000), (1.000000, 0.000000, 0.000000), (0.000000, 1.000000, 0.000000), (0.000000, 0.000000, 1.000000)
(-21.194354, 0.000000, 8.378155), (2.500000, 6.000000, 0.500000), (1.000000, 0.000000, 0.000000), (0.000000, 1.000000, 0.000000), (0.000000, 0.000000, 1.000000)
(-21.588190, 0.000000, 1.034415), (2.500000, 6.000000, 0.500000), (1.000000, 0.000000, 0.000000), (0.000000, 1.000000, 0.000000), (0.000000, 0.000000, 1.000000)
(4.328210, 0.000000, 35.507236), (2.500000, 6.000000, 0.500000), (1.000000, 0.000000, 0.000000), (0.000000, 1.000000, 0.000000), (0.000000, 0.000000, 1.000000)
(1.803849, 0.000000, 37.793206), (2.500000, 6.000000, 0.500000), (1.000000, 0.000000, 0.000000), (0.000000, 1.000000, 0.000000), (0.000000, 0.000000, 1.000000)
(-2.289547, 0.000000, -39.488591), (2.500000, 6.000000, 0.500000), (1.000000, 0.000000, 0.000000), (0.000000, 1.000000, 0.000000), (0.000000, 0.000000, 1.000000)
(-31.850575, 0.000000, 18.025186), (2.500000, 6.000000, 0.500000), (1.000000, 0.000000, 0.000000), (0.000000, 1.000000, 0.000000), (0.000000, 0.000000, 1.000000)
(-7.136751, 0.000000, -18.337868), (2.500000, 6.000000, 0.500000), (1.000000, 0.000000, 0.000000), (0.000000, 1.000000, 0.000000), (0.000000, 0.000000, 1.000000)
(20.047893, 0.000000, -16.488963), (2.500000, 6.000000, 0.500000), (1.000000, 0.000000, 0.000000), (0.000000, 1.000000, 0.000000), (0.000000, 0.000000, 1.000000)
(4.824237, 0.000000, 8.135146), (2.500000, 6.000000, 0.500000), (1.000000, 0.000000, 0.000000), (0.000000, 1.000000, 0.000000), (0.000000, 0.000000, 1.000000)
(33.250559, 0.000000, 16.062646), (2.500000, 6.000000, 0.500000), (1.000000, 0.000000, 0.000000), (0.000000, 1.000000, 0.000000), (0.000000, 0.000000, 1.000000)
(-8.225888, 0.000000, 16.683291), (2.500000, 6.000000, 0.500000), (1.000000, 0.000000, 0.000000), (0.000000, 1.000000, 0.000000), (0.000000, 0.000000, 1.000000)
(-29.369093, 0.000000, 22.376975), (2.500000, 6.000000, 0.500000), (1.000000, 0.000000, 0.000000), (0.000000, 1.000000, 0.000000), (0.000000, 0.000000, 1.000000)
(-17.529042, 0.000000, 34.303582), (2.500000, 6.000000, 0.500000), (1.000000, 0.000000, 0.000000), (0.000000, 1.000000, 0.000000), (0.000000, 0.000000, 1.000000)
(-23.507789, 0.000000, -19.962185), (2.500000, 6.000000, 0.500000), (1.000000, 0.000000, 0.000000), (0.000000, 1.000000, 0.000000), (0.000000, 0.000000, 1.000000)
(21.331741, 0.000000, -9.948501), (2.500000, 6.000000, 0.500000), (1.000000, 0.000000, 0.000000), (0.000000, 1.000000, 0.000000), (0.000000, 0.000000, 1.000000)
(-13.346417, 0.000000, 8.357299), (2.500000, 6.000000, 0.500000), (1.000000, 0.000000, 0.000000), (0.000000, 1.000000, 0.000000), (0.000000, 0.000000, 1.000000)
(24.236105, 0.000000, -22.582803), (2.500000, 6.000000, 0.500000), (1.000000, 0.000000, 0.000000), (0.000000, 1.000000, 0.000000), (0.000000, 0.000000, 1.000000)
(-31.797951, 0.000000, 28.488896), (2.500000, 6.000000, 0.500000), (1.000000, 0.000000, 0.000000), (0.000000, 1.000000, 0.000000), (0.000000, 0.000000, 1.000000)
(-10.528764, 0.000000, -9.441983), (2.500000, 6.000000, 0.500000), (1.000000, 0.000000, 0.000000), (0.000000, 1.000000, 0.000000), (0.000000, 0.000000, 1.000000)
(-25.244264, 0.000000, 4.520522), (2.500000, 6.000000, 0.500000), (1.000000, 0.000000, 0.000000), (0.000000, 1.000000, 0.000000), (0.000000, 0.000000, 1.000000)
(24.984475, 0.000000, 5.580052), (2.500000, 6.000000, 0.500000), (1.000000, 0.000000, 0.000000), (0.000000, 1.000000, 0.000000), (0.000000, 0.000000, 1.000000)
(-3.618784, 0.000000, 38.084892), (2.500000, 6.000000, 0.500000), (1.000000, 0.000000, 0.000000), (0.000000, 1.000000, 0.000000), (0.000000, 0.000000, 1.000000)
(14.384107, 0.000000, 3.127585), (2.500000, 6.000000, 0.500000), (1.000000, 0.000000, 0.000000), (0.000000, 1.000000, 0.000000), (0.000000, 0.000000, 1.000000)
(33.131506, 0.000000, -11.165302), (2.500000, 6.000000, 0.500000), (1.000000, 0.000000, 0.000000), (0.000000, 1.000000, 0.000000), (0.000000, 0.000000, 1.000000)
(-11.066279, 0.000000, 0.881193), (2.500000, 6.000000, 0.500000), (1.000000, 0.000000, 0.000000), (0.000000, 1.000000, 0.000000), (0.000000, 0.000000, 1.000000)
(31.751460, 0.000000, 11.760228), (2.500000, 6.000000, 0.500000), (1.000000, 0.000000, 0.000000), (0.000000, 1.000000, 0.000000), (0.000000, 0.000000, 1.000000)
(16.711999, 0.000000, -2.064210), (2.500000, 6.000000, 0.500000), (1.000000, 0.000000, 0.000000), (0.000000, 1.000000, 0.000000), (0.000000, 0.000000, 1.000000)
(-15.616685, 0.000000, 19.783364), (2.500000, 6.000000, 0.500000), (1.000000, 0.000000, 0.000000), (0.000000, 1.000000, 0.000000), (0.000000, 0.000000, 1.000000)
(38.288324, 0.000000, 13.656615), (2.500000, 6.000000, 0.500000), (1.000000, 0.000000, 0.000000), (0.000000, 1.000000, 0.000000), (0.000000, 0.000000, 1.000000)
(-26.145655, 0.000000, 29.426789), (2.500000, 6.000000, 0.500000), (1.000000, 0.000000, 0.000000), (0.000000, 1.000000, 0.000000), (0.000000, 0.000000, 1.000000)
(7.340540, 0.000000, -1.734919), (2.500000, 6.000000, 0.500000), (1.000000, 0.000000, 0.000000), (0.000000, 1.000000, 0.000000), (0.000000, 0.000000, 1.000000)
(24.932790, 0.000000, 10.798928), (2.500000, 6.000000, 0.500000), (1.000000, 0.000000, 0.000000), (0.000000, 1.000000, 0.000000), (0.000000, 0.000000, 1.000000)
(39.994911, 0.000000, 2.011680), (2.500000, 6.000000, 0.500000), (1.000000, 0.000000, 0.000000), (0.000000, 1.000000, 0.000000), (0.000000, 0.000000, 1.000000)
(1.769456, 0.000000, -20.534189), (2.500000, 6.000000, 0.500000), (1.000000, 0.000000, 0.000000), (0.000000, 1.000000, 0.000000), (0.000000, 0.000000, 1.000000)
(38.339271, 0.000000, 11.617536), (2.500000, 6.000000, 0.500000), (1.000000, 0.000000, 0.000000), (0.000000, 1.000000, 0.000000), (0.000000, 0.000000, 1.000000)
cylinder, 45, 15, 166666666, 0.0907519, 0.16823, 0.383053, 0.33772, 0.258014, 0.0463008, -0.909248, -0.83177, -0.616947, 70.9904, 66.4081
(-9.604611, 1.846109, 2.135880), (2.500000, 6.000000, 0.500000), (0.330135, -0.089212, -0.939708), (0.870740, -0.355585, 0.339663), (-0.364449, -0.930376, -0.039710)
(-23.774110, -0.534101, -7.006175), (2.500000, 6.000000, 0.500000), (0.371278, -0.229506, -0.899711), (-0.795519, 0.421091, -0.435698), (0.478856, 0.877502, -0.026234)
(-1.078056, 2.646435, 10.243516), (2.500000, 6.000000, 0.500000), (-0.023110, 0.999120, 0.035014), (0.077583, 0.036710, -0.996310), (-0.996718, -0.020308, -0.078363)
(-10.433756, 1.805821, -29.043303), (2.500000, 6.000000, 0.500000), (0.894863, 0.220068, 0.388317), (-0.270039, -0.425778, 0.863593), (0.355386, -0.877658, -0.321586)
(22.343032, -0.567776, -19.955521), (2.500000, 6.000000, 0.500000), (0.414534, -0.178214, 0.892413), (-0.357192, 0.870078, 0.339673), (-0.837004, -0.459569, 0.297020)
(15.757812, -0.031267, -7.444835), (2.500000, 6.000000, 0.500000), (-0.831979, 0.004305, -0.554791), (-0.551359, 0.104905, 0.827646), (0.061763, 0.994473, -0.084905)
(-23.111560, 0.270473, -14.737229), (2.500000, 6.000000, 0.500000), (0.035935, -0.998484, -0.041683), (-0.989602, -0.029740, -0.140726), (0.139273, 0.046306, -0.989171)
(34.037558, 1.513359, -0.739497), (2.500000, 6.000000, 0.500000), (0.398239, 0.679885, -0.615761), (0.805902, -0.579941, -0.119123), (-0.438095, -0.448804, -0.778876)
(19.641751, -3.141939, -0.670995), (2.500000, 6.000000, 0.500000), (0.247300, -0.963190, 0.105394), (-0.748562, -0.258984, -0.610396), (0.615222, 0.072057, -0.785054)
(-10.273734, -2.862678, -34.000544), (2.500000, 6.000000, 0.500000), (-0.852588, 0.171831, -0.493525), (-0.453890, 0.224550, 0.862300), (0.258991, 0.959193, -0.113456)
(4.859236, -4.457705, -23.810997), (2.500000, 6.000000, 0.500000), (-0.465696, -0.155271, -0.871217), (0.884870, -0.094528, -0.456147), (-0.011528, -0.983339, 0.181416)
(7.649006, 4.485575, -15.931546), (2.500000, 6.000000, 0.500000), (-0.113094, 0.104339, -0.988091), (-0.990556, -0.089419, 0.103934), (-0.077509, 0.990514, 0.113467)
(7.206956, 2.011161, -15.091920), (2.500000, 6.000000, 0.500000), (-0.961640, -0.206084, 0.181048), (0.222069, -0.197386, 0.954843), (-0.161042, 0.958420, 0.235579)
(-8.111434, -2.596147, 1.884255), (2.500000, 6.000000, 0.500000), (0.068527, -0.194277, 0.978550), (-0.791236, 0.586847, 0.171919), (-0.607659, -0.786045, -0.113504)
(-22.464007, 0.182871, -11.500704), (2.500000, 6.000000, 0.500000), (-0.725919, 0.659858, -0.193984), (0.680015, 0.730847, -0.058668), (0.103059, -0.174500, -0.979249)
(-7.501163, 4.390077, -26.913921), (2.500000, 6.000000, 0.500000), (-0.334751, 0.405997, -0.850358), (-0.932179, -0.274630, 0.235840), (-0.137783, 0.871633, 0.470394)
(-35.157658, -5.946670, -14.588986), (2.500000, 6.000000, 0.500000), (0.790889, -0.256572, -0.555577), (0.571411, -0.015353, 0.820520), (-0.219052, -0.966403, 0.134465)
(-16.379182, 3.572660, -34.763698), (2.500000, 6.000000, 0.500000), (0.989875, -0.101357, 0.099372), (0.112261, 0.130590, -0.985060), (0.086866, 0.986242, 0.140646)
(-24.812934, 0.147229, 22.220738), (2.500000, 6.000000, 0.500000), (0.778834, 0.213167, 0.589897), (-0.177727, 0.976934, -0.118376), (-0.601524, -0.012646, 0.798755)
(26.567460, 5.017425, 3.507494), (2.500000, 6.000000, 0.500000), (-0.689081, -0.269840, 0.672572), (-0.698914, 0.002163, -0.715202), (0.191535, -0.962903, -0.190086)
(-33.097371, 4.407625, -5.370178), (2.500000, 6.000000, 0.500000), (-0.961692, -0.148663, -0.230320), (0.240122, -0.051505, -0.969375), (0.132247, -0.987546, 0.085229)
(-40.565915, 1.423206, -10.296377), (2.500000, 6.000000, 0.500000), (0.386035, -0.731049, -0.562623), (0.340159, 0.679728, -0.649816), (0.857478, 0.059471, 0.511072)
(-13.022701, -2.918717, -21.094846), (2.500000, 6.000000, 0.500000), (0.982686, 0.041753, 0.180515), (0.182337, -0.390916, -0.902185), (0.032897, 0.919479, -0.391761)
(35.144219, 2.958841, 16.430461), (2.500000, 6.000000, 0.500000), (-0.314434, -0.942470, -0.113500), (-0.469616, 0.258346, -0.844226), (0.824980, -0.212152, -0.523832)
(18.351613, 1.269521, 29.723957), (2.500000, 6.000000, 0.500000), (-0.049836, 0.965493, 0.255618), (0.514292, 0.244204, -0.822112), (-0.856166, 0.090491, -0.508715)
(1.334257, 0.175314, -35.326263), (2.500000, 6.000000, 0.500000), (0.029689, 0.236437, -0.971193), (-0.989223, -0.132419, -0.062478), (-0.143377, 0.962581, 0.229958)
(-29.396408, 4.700548, -25.534886), (2.500000, 6.000000, 0.500000), (-0.566299, -0.345808, -0.748146), (-0.765500, -0.115755, 0.632938), (-0.305477, 0.931138, -0.199164)
(2.207437, 3.518014, -37.029876), (2.500000, 6.000000, 0.500000), (0.187780, -0.366843, -0.911134), (0.982080, 0.085305, 0.168055), (0.016075, -0.926363, 0.376288)
(14.396262, -0.083756, -34.781538), (2.500000, 6.000000, 0.500000), (0.912436, -0.285070, -0.293591), (-0.359577, -0.216012, -0.907768), (0.195358, 0.933849, -0.299602)
(26.136543, 1.022221, 24.761340), (2.500000, 6.000000, 0.500000), (-0.779641, 0.140582, 0.610243), (-0.490486, 0.468767, -0.734630), (-0.389338, -0.872063, -0.296516)
(29.621676, -1.516638, -9.145343), (2.500000, 6.000000, 0.500000), (-0.195107, -0.134905, 0.971460), (-0.759817, 0.647102, -0.062739), (-0.620170, -0.750373, -0.228757)
(-12.294597, -0.802709, 41.488136), (2.500000, 6.000000, 0.500000), (-0.827204, 0.505042, -0.246304), (0.462143, 0.860836, 0.213036), (0.319620, 0.062397, -0.945489)
(12.641576, -4.551019, -21.591700), (2.500000, 6.000000, 0.500000), (0.746394, -0.118182, -0.654927), (0.649455, 0.344172, 0.678052), (0.145274, -0.931439, 0.333642)
(27.032907, -0.549751, 10.303932), (2.500000, 6.000000, 0.500000), (-0.814279, -0.501300, 0.292658), (0.206986, 0.220277, 0.953224), (-0.542317, 0.836766, -0.075605)
(8.385627, 2.881604, 22.984459), (2.500000, 6.000000, 0.500000), (-0.959046, -0.270590, -0.083733), (0.208539, -0.474478, -0.855209), (0.191681, -0.837647, 0.511475)
(-14.147352, 5.116664, 33.524696), (2.500000, 6.000000, 0.500000), (0.987249, -0.129973, 0.091902), (0.100114, 0.058116, -0.993277), (0.123758, 0.989813, 0.070388)
(-35.604026, -1.148268, 5.208567), (2.500000, 6.000000, 0.500000), (-0.684709, -0.388859, 0.616411), (-0.506142, -0.354842, -0.786071), (0.524399, -0.850221, 0.046146)
(-22.252362, 2.929651, 11.621249), (2.500000, 6.000000, 0.500000), (0.947917, 0.314370, -0.051227), (0.044269, -0.289299, -0.956215), (-0.315425, 0.904145, -0.288148)
(-20.841518, -0.360341, 18.624380), (2.500000, 6.000000, 0.500000), (-0.705199, 0.678867, 0.204531), (-0.666436, -0.733132, 0.135575), (0.241986, -0.040700, 0.969426)
(-22.596578, 0.136747, 10.460320), (2.500000, 6.000000, 0.500000), (0.127448, -0.229458, -0.964938), (0.922652, 0.384429, 0.030448), (0.363964, -0.894183, 0.260704)
(-8.629731, -4.544627, -13.361665), (2.500000, 6.000000, 0.500000), (-0.497951, 0.550784, -0.669837), (0.712016, -0.181274, -0.678361), (-0.495054, -0.814725, -0.301901)
(-5.437390, -3.163268, -20.621542), (2.500000, 6.000000, 0.500000), (0.536146, -0.843332, 0.036585), (-0.117777, -0.117652, -0.986046), (0.835869, 0.524355, -0.162403)
(4.208557, 3.453267, 2.966688), (2.500000, 6.000000, 0.500000), (0.653839, -0.148005, -0.742017), (-0.686375, -0.528714, -0.499351), (-0.318409, 0.835797, -0.447281)
(10.266799, 0.310853, 2.382689), (2.500000, 6.000000, 0.500000), (-0.994466, -0.072364, 0.076157), (-0.102577, 0.825359, -0.555211), (-0.022679, -0.559951, -0.828215)
(19.174098, 1.336968, 20.238168), (2.500000, 6.000000, 0.500000), (-0.495409, 0.868453, -0.018973), (-0.754797, -0.419558, 0.504234), (0.429943, 0.264123, 0.863359)
